time_period,geographic_level,country_name,region_name,la_name,school_type,attendance_perc,authorised_absence_perc,unauthorised_absence_perc,pa_perc
202526,Local authority,England,West Midlands,Telford and Wrekin,Primary,95.5395126408411,3.21301641737025,1.24747094178864,
202526,Local authority,England,Yorkshire and The Humber,Leeds,Primary,94.8658301946554,3.29298435405188,1.8411854512927,
202526,Local authority,England,North East,Newcastle upon Tyne,Primary,95.2109974277841,3.05562503011627,1.73337754209967,
202526,Local authority,England,South East,Buckinghamshire,Primary,95.5497501053588,3.44281642388415,1.00743347075705,
202526,Local authority,England,North West,Blackpool,Primary,94.6151754463435,2.92999344603671,2.4548311076198,
202526,Local authority,England,North West,Rochdale,Primary,95.0734546314221,3.02867931092932,1.89786605764856,
202526,Local authority,England,North East,Hartlepool,Primary,95.118921180522,3.23050432879534,1.65057449068263,
202526,Local authority,England,West Midlands,Solihull,Primary,95.4087244275202,3.40841435216808,1.18286122031171,
202526,Local authority,England,South West,Dorset,Primary,95.1694648739684,3.52796325235592,1.30257187367572,
202526,Local authority,England,London,Lambeth,Primary,95.0793489154844,3.11025391499824,1.81039716951734,
202526,Local authority,England,East Midlands,North Northamptonshire,Primary,95.0521947845559,3.59018765500493,1.35761756043919,
202526,Local authority,England,East of England,Luton,Primary,95.7528521283043,3.02358307217319,1.22356479952253,
202526,Local authority,England,North East,North Tyneside,Primary,95.5088637809224,3.01948185181892,1.47165436725873,
202526,Local authority,England,North West,Wigan,Primary,95.2011229487243,3.36857030935343,1.43030674192225,
202526,Local authority,England,South West,Devon,Primary,95.4462246950348,3.55180230971004,1.00197299525513,
202526,Local authority,England,South West,Swindon,Primary,95.8561687820008,3.15603632202152,0.987794895977702,
202526,Local authority,England,London,Southwark,Primary,95.4602103701057,3.22659100121605,1.31319862867821,
202526,Local authority,England,North West,St. Helens,Primary,95.5014112384661,3.01921566823887,1.47937309329504,
202526,Local authority,England,London,Redbridge,Primary,95.0909407990974,3.44487713432605,1.46418206657657,
202526,Local authority,England,South East,Southampton,Primary,95.0653494175567,3.40883057680307,1.52582000564019,
202526,Local authority,England,London,Kingston upon Thames,Primary,96.1850079542779,2.70202651988992,1.11296552583214,
202526,Local authority,England,North West,Blackburn with Darwen,Primary,95.3379541353672,3.17022957910497,1.49181628552781,
202526,Local authority,England,South West,"Bournemouth, Christchurch and Poole",Primary,95.7836242607149,3.19811002555683,1.01826571372822,
202526,Local authority,England,East of England,Essex,Primary,95.2652268193322,3.44976601786647,1.2850071628013,
202526,Local authority,England,South East,West Berkshire,Primary,95.7779028034527,3.42838261428686,0.793714582260444,
202526,Local authority,England,London,Camden,Primary,95.3007023446012,3.57819467151591,1.12110298388292,
202526,Local authority,England,East Midlands,Leicester,Primary,95.2004122931988,3.34582154657008,1.45376616023116,
202526,Local authority,England,West Midlands,Wolverhampton,Primary,94.8965301554995,3.37399843824687,1.72947140625362,
202526,Local authority,England,North East,Middlesbrough,Primary,95.0342941088863,2.95256282700136,2.01314306411231,
202526,Local authority,England,London,Brent,Primary,95.5528414544381,3.18489720214315,1.26226134341876,
202526,Local authority,England,London,Bexley,Primary,95.6941640455503,2.96797040058151,1.33786555386819,
202526,Local authority,England,Yorkshire and The Humber,East Riding of Yorkshire,Primary,95.5990015522001,3.10951220847193,1.29148623932798,
202526,Local authority,England,London,Harrow,Primary,95.8743757678301,3.2865151982692,0.839109033900675,
202526,Local authority,England,London,Islington,Primary,94.7468686606284,3.38166699931042,1.87146434006119,
202526,Local authority,England,North West,Manchester,Primary,94.8890364494718,3.31441203965404,1.79655151087417,
202526,Local authority,England,North West,Lancashire,Primary,95.0885008213835,3.58019219929788,1.33130697931864,
202526,Local authority,England,East Midlands,Derby,Primary,94.8014612369224,3.33431028256512,1.86422848051248,
202526,Local authority,England,North West,Westmorland and Furness,Primary,95.9248776867919,3.03759567179505,1.03752664141305,
202526,Local authority,England,Yorkshire and The Humber,North Yorkshire,Primary,95.4461498216885,3.40341281002715,1.1504373682843,
202526,Local authority,England,East of England,Central Bedfordshire,Primary,95.634524619859,3.25725825959283,1.10821712054815,
202526,Local authority,England,East Midlands,Rutland,Primary,96.1198248892324,3.13907754527312,0.741097565494497,
202526,Local authority,England,North West,Liverpool,Primary,94.8846712499406,2.7958654260336,2.31946332402579,
202526,Local authority,England,North East,Northumberland,Primary,95.0364638577435,3.31969174066429,1.64384440159222,
202526,Local authority,England,West Midlands,Worcestershire,Primary,95.4126130622934,3.42146257830036,1.16592435940619,
202526,Local authority,England,London,Croydon,Primary,95.2164576114012,3.26931524232515,1.51422714627361,
202526,Local authority,England,North West,Tameside,Primary,95.3458196998759,3.03654555182291,1.6176347483012,
202526,Local authority,England,South West,Cornwall,Primary,95.2225702068981,3.58669948857273,1.19073030452921,
202526,Local authority,England,North West,Halton,Primary,94.9000971181545,3.52113298620013,1.57876989564534,
202526,Local authority,England,West Midlands,Sandwell,Primary,95.0246385282896,3.26000663037409,1.71535484133631,
202526,Local authority,England,North West,Sefton,Primary,95.2481799516283,3.34843519184907,1.40338485652265,
202526,Local authority,England,West Midlands,Staffordshire,Primary,95.7010442598787,3.32826102342699,0.970694716694311,
202526,Local authority,England,London,Bromley,Primary,95.6955549227351,3.19452658941389,1.10991848785106,
202526,Local authority,England,London,Haringey,Primary,95.3357068199634,3.14815782597335,1.51613535406323,
202526,Local authority,England,London,Greenwich,Primary,95.4537031925308,2.81007428850351,1.73622251896568,
202526,Local authority,England,West Midlands,Shropshire,Primary,95.5833288880914,3.49747591083006,0.919195201078497,
202526,Local authority,England,North East,Stockton-on-Tees,Primary,95.2993225696199,3.05150398892274,1.64917344145734,
202526,Local authority,England,East of England,Suffolk,Primary,95.4216949098953,3.38602567128247,1.19227941882222,
202526,Local authority,England,North East,Redcar and Cleveland,Primary,94.9568354349478,3.01666694283151,2.0264976222207,
202526,Local authority,England,London,City of London,Primary,c,c,c,
202526,Local authority,England,West Midlands,Dudley,Primary,95.0245814823319,3.39273495401084,1.58268356365726,
202526,Local authority,England,North West,Cheshire West and Chester,Primary,95.545743545545,3.26843719047608,1.18581926397892,
202526,Local authority,England,North West,Bury,Primary,95.1776444979513,3.5452137929738,1.27714170907487,
202526,Local authority,England,North West,Bolton,Primary,95.0518080559969,3.43806884024327,1.51012310375985,
202526,Local authority,England,North West,Oldham,Primary,95.1704948079137,3.04610463658927,1.78340055549699,
202526,Local authority,England,North West,Trafford,Primary,96.2010223219547,2.88610848238858,0.912869195656676,
202526,Local authority,England,South West,North Somerset,Primary,95.5677269570572,3.38396926034388,1.04830378259889,
202526,Local authority,England,East Midlands,Lincolnshire,Primary,95.6249654080019,3.2478876853976,1.12714690660049,
202526,Local authority,England,Yorkshire and The Humber,Calderdale,Primary,95.2808384329282,3.46439298346695,1.25476858360482,
202526,Local authority,England,South East,Oxfordshire,Primary,95.6658899713771,3.37062738988812,0.963482638734759,
202526,Local authority,England,West Midlands,Coventry,Primary,95.0731615199589,3.45662669217608,1.47021178786497,
202526,Local authority,England,North West,Salford,Primary,94.6906174599415,3.32832842687483,1.98105411318364,
202526,Local authority,England,North West,Wirral,Primary,94.7633536804998,3.67794862572008,1.55869769378011,
202526,Local authority,England,Yorkshire and The Humber,York,Primary,95.3380776395388,3.44179253355405,1.2201298269071,
202526,Local authority,England,London,Wandsworth,Primary,95.5824161281073,3.08519163891156,1.33239223298116,
202526,Local authority,England,London,Hillingdon,Primary,94.7009444107112,3.71317779012669,1.58587779916209,
202526,Local authority,England,East of England,Thurrock,Primary,95.5482440381476,2.89473028126774,1.55702568058462,
202526,Local authority,England,South West,Somerset,Primary,95.2892612861313,3.49825519795484,1.21248351591383,
202526,Local authority,England,Yorkshire and The Humber,Rotherham,Primary,94.810594725162,3.30682935880976,1.8825759160282,
202526,Local authority,England,East of England,Southend-on-Sea,Primary,95.1562728736642,3.50615842216633,1.33756870416949,
202526,Local authority,England,Yorkshire and The Humber,Barnsley,Primary,95.0152503270157,3.11955819318746,1.86519147979683,
202526,Local authority,England,North East,Sunderland,Primary,95.0720962278943,3.2391399855437,1.68876378656199,
202526,Local authority,England,London,Barking and Dagenham,Primary,95.5043497233762,3.1056182396744,1.39003203694943,
202526,Local authority,England,London,Tower Hamlets,Primary,94.8998512284817,3.77391768434097,1.32623108717736,
202526,Local authority,England,South East,Brighton and Hove,Primary,95.2251523532857,3.67988994613275,1.09495770058158,
202526,Local authority,England,North West,Stockport,Primary,95.552024783229,3.28316943667724,1.16480578009373,
202526,Local authority,England,West Midlands,Stoke-on-Trent,Primary,95.1664193343227,3.27514290965854,1.5584377560188,
202526,Local authority,England,East of England,Peterborough,Primary,95.5167837162243,3.28782287822878,1.19539340554696,
202526,Local authority,England,North West,Warrington,Primary,95.9431279356511,2.92350243009342,1.13336963425543,
202526,Local authority,England,South West,Plymouth,Primary,95.3015937903875,3.42917573335432,1.26923047625819,
202526,Local authority,England,North East,Darlington,Primary,94.7919245404966,3.72450106509612,1.48357439440724,
202526,Local authority,England,Yorkshire and The Humber,Wakefield,Primary,95.0743811294495,3.48687988682008,1.43873898373039,
202526,Local authority,England,East Midlands,West Northamptonshire,Primary,95.7108429625571,3.13205137907255,1.15710565837031,
202526,Local authority,England,Yorkshire and The Humber,North East Lincolnshire,Primary,95.061788384218,2.96737254885743,1.97083906692458,
202526,Local authority,England,North East,South Tyneside,Primary,95.088164675692,3.65510758038357,1.25672774392439,
202526,Local authority,England,London,Havering,Primary,95.6662161502493,3.30880558252463,1.02497826722609,
202526,Local authority,England,East Midlands,Nottingham,Primary,94.6295196919165,2.97769461651711,2.39278569156635,
202526,Local authority,England,Yorkshire and The Humber,Kirklees,Primary,95.1706948439308,3.52802012557655,1.30128503049263,
202526,Local authority,England,East Midlands,Derbyshire,Primary,95.4647870249301,3.42550418676342,1.1097087883065,
202526,Local authority,England,Yorkshire and The Humber,Doncaster,Primary,95.1433389061517,3.05740958018579,1.79925151366248,
202526,Local authority,England,East of England,Bedford,Primary,95.895177147111,3.15680532239481,0.948017530494148,
202526,Local authority,England,London,Newham,Primary,94.3439322715337,2.94994526934031,2.70612245912602,
202526,Local authority,England,North East,Gateshead,Primary,95.4892684635507,3.1636895717074,1.3470419647419,
202526,Local authority,England,London,Richmond upon Thames,Primary,96.4320595896343,2.60830979788066,0.959630612484988,
202526,Local authority,England,South West,"Bristol, City of",Primary,95.0119788923655,3.43017500689671,1.55784610073776,
202526,Local authority,England,South West,Torbay,Primary,95.1025925032351,3.69478319040204,1.20262430636282,
202526,Local authority,England,South East,Hampshire,Primary,95.9870978830998,3.16031367125254,0.852588445647634,
202526,Local authority,England,West Midlands,Warwickshire,Primary,95.4872080881628,3.48327524187339,1.02951666996376,
202526,Local authority,England,South East,Windsor and Maidenhead,Primary,95.9874075802792,3.03166477151412,0.980927648206722,
202526,Local authority,England,South East,Isle of Wight,Primary,94.7136527569906,3.92944504150486,1.35690220150459,
202526,Local authority,England,North West,Cumberland,Primary,95.5784829837047,3.30267676328366,1.11884025301165,
202526,Local authority,England,South West,Bath and North East Somerset,Primary,95.8285257331021,3.2927783800687,0.878695886829169,
202526,Local authority,England,London,Merton,Primary,96.0311576133928,2.93213473917365,1.03670764743356,
202526,Local authority,England,South East,Reading,Primary,95.3112804812817,3.17117891499521,1.5175406037231,
202526,Local authority,England,London,Ealing,Primary,95.7083888576132,3.05438469596448,1.23722644642234,
202526,Local authority,England,London,Hammersmith and Fulham,Primary,95.7766174563765,3.08606083159382,1.13732171202968,
202526,Local authority,England,London,Lewisham,Primary,95.4418653114773,3.12661327372016,1.43152141480257,
202526,Local authority,England,South East,Bracknell Forest,Primary,96.1413341022635,3.02004087693603,0.838625020800492,
202526,Local authority,England,East of England,Cambridgeshire,Primary,95.6178752494517,3.49505748719589,0.88706726335241,
202526,Local authority,England,Yorkshire and The Humber,"Kingston upon Hull, City of",Primary,95.033921230606,3.08065243336428,1.8854263360297,
202526,Local authority,England,West Midlands,"Herefordshire, County of",Primary,95.9192415437511,3.37908786614051,0.701670590108378,
202526,Local authority,England,South East,Medway,Primary,94.773323489216,3.68712593663111,1.53955057415291,
202526,Local authority,England,London,Sutton,Primary,95.7186772147813,3.15932633389167,1.12199645132706,
202526,Local authority,England,North West,Cheshire East,Primary,95.8831595877519,3.22952196633266,0.887318445915429,
202526,Local authority,England,Yorkshire and The Humber,North Lincolnshire,Primary,95.0589444648099,3.25670919805474,1.68434633713535,
202526,Local authority,England,London,Enfield,Primary,95.4108733461032,3.14446312294106,1.44466353095572,
202526,Local authority,England,East Midlands,Leicestershire,Primary,95.6201034705379,3.40772277573241,0.972173753729651,
202526,Local authority,England,South East,Kent,Primary,95.0740505782184,3.46578993539056,1.46015948639101,
202526,Local authority,England,South West,South Gloucestershire,Primary,95.6131840647207,3.187503218715,1.19931271656425,
202526,Local authority,England,North East,County Durham,Primary,94.8941511143441,3.56333559568616,1.54251328996977,
202526,Local authority,England,Yorkshire and The Humber,Sheffield,Primary,94.9020331742306,3.2757852543862,1.82218157138317,
202526,Local authority,England,East of England,Hertfordshire,Primary,95.7251261360347,3.3325541765127,0.942319687452595,
202526,Local authority,England,South East,West Sussex,Primary,95.6318670001862,3.37907805773771,0.989054942076066,
202526,Local authority,England,Yorkshire and The Humber,Bradford,Primary,94.4814930722128,3.53834497030332,1.98016195748388,
202526,Local authority,England,West Midlands,Walsall,Primary,94.901820110534,3.15658408167931,1.94159580778671,
202526,Local authority,England,South West,Wiltshire,Primary,95.8428256040157,3.24577832016585,0.911396075818487,
202526,Local authority,England,London,Hackney,Primary,95.2512835301643,3.38312014026411,1.36559632957158,
202526,Local authority,England,London,Kensington and Chelsea,Primary,95.029876316647,3.73988713169368,1.23023655165934,
202526,Local authority,England,London,Barnet,Primary,95.9302643374074,3.15558701561828,0.914148646974368,
202526,Local authority,England,South East,Wokingham,Primary,96.2252653022138,3.00397527934984,0.770759418436337,
202526,Local authority,England,London,Hounslow,Primary,95.2974772239181,3.26248094036354,1.44004183571842,
202526,Local authority,England,London,Waltham Forest,Primary,95.4324386705355,2.94320979512881,1.62435153433571,
202526,Local authority,England,North West,Knowsley,Primary,93.7477593113063,3.40850244539359,2.84373824330006,
202526,Local authority,England,South East,Portsmouth,Primary,95.5103868992687,3.18735242265515,1.30226067807613,
202526,Local authority,England,South East,East Sussex,Primary,94.9325022526805,3.66918250431936,1.39831524300016,
202526,Local authority,England,South East,Slough,Primary,94.8295301345903,3.89310171468356,1.27736815072618,
202526,Local authority,England,South East,Milton Keynes,Primary,95.8721860283898,3.14458634757818,0.983227624032039,
202526,Local authority,England,West Midlands,Birmingham,Primary,94.8207742893529,3.48057103304103,1.69865467760613,
202526,Local authority,England,South East,Surrey,Primary,95.9296259870986,3.18815937368573,0.882214639215662,
202526,Local authority,England,East of England,Norfolk,Primary,95.3116162248428,3.41414079681094,1.27424297834631,
202526,Local authority,England,East Midlands,Nottinghamshire,Primary,95.5405926690927,3.06815143493355,1.3912558959737,
202526,Local authority,England,South West,Gloucestershire,Primary,95.6298742523294,3.43230870731561,0.937817040355023,
202526,Local authority,England,London,Westminster,Primary,94.9111874315996,3.38816168423478,1.70065088416566,
202526,Regional,England,South East,,Primary,95.5428293097717,3.35581477683498,1.10135591339337,
202526,Regional,England,North East,,Primary,95.1142788860409,3.2642244062241,1.62149670773501,
202526,Regional,England,East of England,,Primary,95.4893136296749,3.35917229937805,1.15151407094702,
202526,Regional,England,North West,,Primary,95.2068127389052,3.2704852055648,1.52270205553002,
202526,Regional,England,East Midlands,,Primary,95.3864047262384,3.29027402424806,1.32332124951357,
202526,Regional,England,London,,Primary,95.4163706746987,3.1864323294935,1.39719699580778,
202526,Regional,England,Yorkshire and The Humber,,Primary,95.0274247191425,3.321723017515,1.65085226334254,
202526,Regional,England,West Midlands,,Primary,95.2196248072576,3.38845929905922,1.39191589368318,
202526,Regional,England,South West,,Primary,95.4712961380611,3.41353052178023,1.11517334015867,
202526,National,England,,,Primary,95.34188748438,3.3153373931627,1.34277512245726,
202526,Local authority,England,South West,Somerset,Secondary,91.5767323913693,5.70601425834167,2.71725335028902,
202526,Local authority,England,South East,Buckinghamshire,Secondary,93.4536674875055,5.03802171500223,1.50831079749231,
202526,Local authority,England,London,Harrow,Secondary,94.2008134202516,4.08901740757179,1.71016917217658,
202526,Local authority,England,North West,Rochdale,Secondary,92.3877922481058,4.04321815077674,3.56898960111749,
202526,Local authority,England,South East,Medway,Secondary,93.0805743145524,4.61425548711614,2.30517019833147,
202526,Local authority,England,West Midlands,Worcestershire,Secondary,92.6972511459453,5.45249514270085,1.85025371135382,
202526,Local authority,England,South West,Devon,Secondary,91.36727436621,5.86583366049802,2.76689197329202,
202526,Local authority,England,Yorkshire and The Humber,Rotherham,Secondary,91.5917210939131,4.03053890429752,4.37774000178939,
202526,Local authority,England,North West,Cheshire West and Chester,Secondary,91.8206998149735,5.47025469006602,2.70904549496044,
202526,Local authority,England,East of England,Bedford,Secondary,93.0543226114414,4.7740263843363,2.17165100422225,
202526,Local authority,England,Yorkshire and The Humber,"Kingston upon Hull, City of",Secondary,92.3184650797399,3.87694002353506,3.80459489672504,
202526,Local authority,England,South East,Portsmouth,Secondary,91.7618477324728,4.8541419473122,3.38401032021498,
202526,Local authority,England,South East,Isle of Wight,Secondary,91.1039181439552,6.91526598264731,1.98081587339749,
202526,Local authority,England,East Midlands,Rutland,Secondary,93.3144712606574,4.74336820917912,1.94216053016349,
202526,Local authority,England,South East,Oxfordshire,Secondary,92.051388714218,5.43163672999504,2.51697455578697,
202526,Local authority,England,Yorkshire and The Humber,Calderdale,Secondary,93.0931363153466,4.3680649025016,2.53879878215181,
202526,Local authority,England,East Midlands,Leicestershire,Secondary,92.2928015274158,5.48872100656621,2.21847746601798,
202526,Local authority,England,London,Croydon,Secondary,93.1427406426962,4.08417445118807,2.77308490611575,
202526,Local authority,England,East Midlands,Nottinghamshire,Secondary,92.6255118923295,4.51716086033113,2.85732724733933,
202526,Local authority,England,London,Wandsworth,Secondary,93.9025944589348,3.66482928079154,2.4325762602737,
202526,Local authority,England,West Midlands,Dudley,Secondary,92.5149858346679,4.60200411184301,2.88301005348908,
202526,Local authority,England,North East,Newcastle upon Tyne,Secondary,91.546394086551,3.85199272012869,4.60161319332033,
202526,Local authority,England,North East,Stockton-on-Tees,Secondary,92.341218859075,3.98706065706843,3.67172048385658,
202526,Local authority,England,West Midlands,Telford and Wrekin,Secondary,93.2989547503015,4.15242053855723,2.54862471114131,
202526,Local authority,England,Yorkshire and The Humber,Sheffield,Secondary,91.5083414364121,4.15394929718305,4.33770926640488,
202526,Local authority,England,South West,"Bournemouth, Christchurch and Poole",Secondary,93.314572860334,4.58568583184215,2.09974130782385,
202526,Local authority,England,Yorkshire and The Humber,York,Secondary,91.4293506526455,4.89008410183553,3.68056524551901,
202526,Local authority,England,South East,Milton Keynes,Secondary,93.1991662329368,4.62247902381868,2.1783547432445,
202526,Local authority,England,North West,Halton,Secondary,90.6851320944976,4.93178715769543,4.38308074780692,
202526,Local authority,England,West Midlands,Birmingham,Secondary,93.2709048339354,4.03975427916387,2.68934088690073,
202526,Local authority,England,West Midlands,Shropshire,Secondary,92.5657103990608,5.43085079315478,2.00343880778441,
202526,Local authority,England,London,Newham,Secondary,93.6077220308153,3.31514649886578,3.07713147031893,
202526,Local authority,England,London,Barking and Dagenham,Secondary,94.4750870595108,3.36012058255706,2.16479235793211,
202526,Local authority,England,North West,Tameside,Secondary,92.015806592526,4.02190274535554,3.96229066211843,
202526,Local authority,England,London,Ealing,Secondary,94.0654707245679,3.73016140253156,2.20436787290057,
202526,Local authority,England,West Midlands,Solihull,Secondary,92.5113788012293,5.00516128099643,2.48345991777432,
202526,Local authority,England,London,Islington,Secondary,92.8545041797501,2.98272687731257,4.16276894293732,
202526,Local authority,England,West Midlands,Walsall,Secondary,92.1030158447793,3.93080735705242,3.9661767981683,
202526,Local authority,England,London,Westminster,Secondary,94.2191190431214,3.56639662912291,2.21448432775571,
202526,Local authority,England,East of England,Peterborough,Secondary,93.1878336326442,4.56968500625832,2.24248136109751,
202526,Local authority,England,South West,Bath and North East Somerset,Secondary,92.5940206851665,5.30563058304809,2.10034873178537,
202526,Local authority,England,London,Southwark,Secondary,94.2768524945297,3.43661195892718,2.28653554654308,
202526,Local authority,England,East of England,Thurrock,Secondary,93.5584160575979,3.67400781385727,2.76757612854482,
202526,Local authority,England,South East,Reading,Secondary,93.1303399902176,4.28890322714927,2.58075678263313,
202526,Local authority,England,London,Hillingdon,Secondary,93.026568581238,4.58631590714999,2.38711551161201,
202526,Local authority,England,London,Brent,Secondary,94.2651566059692,3.67210518817553,2.06273820585525,
202526,Local authority,England,North East,Redcar and Cleveland,Secondary,91.4186859824018,4.76384273606392,3.81747128153431,
202526,Local authority,England,East of England,Suffolk,Secondary,92.0569912028704,5.26768332468253,2.67532547244709,
202526,Local authority,England,South East,West Berkshire,Secondary,92.4449587844957,5.46231166500883,2.09272955049547,
202526,Local authority,England,London,Kensington and Chelsea,Secondary,93.2008558305522,3.67424743085616,3.12489673859168,
202526,Local authority,England,South West,Dorset,Secondary,92.438156862554,5.1946773729883,2.36716576445768,
202526,Local authority,England,South West,South Gloucestershire,Secondary,92.1705665897259,5.32474472319637,2.50468868707775,
202526,Local authority,England,East of England,Southend-on-Sea,Secondary,93.0944097337319,4.62164704265657,2.28394322361158,
202526,Local authority,England,West Midlands,Wolverhampton,Secondary,93.1841558676617,3.57531492039528,3.24052921194303,
202526,Local authority,England,North West,Knowsley,Secondary,89.499079489502,3.85142285117519,6.64949765932279,
202526,Local authority,England,North West,Warrington,Secondary,93.3812952973032,4.33865840843797,2.28004629425885,
202526,Local authority,England,South East,East Sussex,Secondary,92.0479691462156,5.0927043655706,2.85932648821377,
202526,Local authority,England,London,Bexley,Secondary,94.015659167249,4.09534987263013,1.88899096012083,
202526,Local authority,England,Yorkshire and The Humber,Wakefield,Secondary,91.3974442478516,4.83611813905596,3.76643761309248,
202526,Local authority,England,London,Redbridge,Secondary,94.2926704326626,3.9556611884263,1.75166837891105,
202526,Local authority,England,North West,Cumberland,Secondary,91.9184726557314,5.43685817468881,2.64466916957974,
202526,Local authority,England,South East,Brighton and Hove,Secondary,91.1458624629471,5.98049281314168,2.87364472391118,
202526,Local authority,England,East Midlands,West Northamptonshire,Secondary,92.9479427904311,4.51240648651661,2.53965072305227,
202526,Local authority,England,London,Haringey,Secondary,93.6873026213425,3.82027620615779,2.49242117249976,
202526,Local authority,England,East of England,Cambridgeshire,Secondary,92.9003286323927,5.25120281820009,1.84846854940716,
202526,Local authority,England,East of England,Norfolk,Secondary,92.330015653538,5.33688875109605,2.3330955953659,
202526,Local authority,England,South East,Kent,Secondary,92.9382854371058,4.65879387972713,2.40292068316707,
202526,Local authority,England,East Midlands,Lincolnshire,Secondary,92.9882250614445,5.01321138881018,1.99856354974533,
202526,Local authority,England,South West,Swindon,Secondary,92.7007344252394,4.76259438373449,2.53667119102605,
202526,Local authority,England,North West,Wirral,Secondary,91.7686988551799,5.02860153300314,3.20269961181698,
202526,Local authority,England,North West,Cheshire East,Secondary,93.1406650971605,5.33053307696384,1.52880182587566,
202526,Local authority,England,North West,Bolton,Secondary,92.6415805296183,4.56460988446992,2.79380958591175,
202526,Local authority,England,North West,Salford,Secondary,91.4588096297547,4.10760591042303,4.43358445982232,
202526,Local authority,England,East of England,Luton,Secondary,93.8713735977385,3.88724527666205,2.24138112559947,
202526,Local authority,England,South West,North Somerset,Secondary,92.2025098456356,5.42812158357499,2.36936857078938,
202526,Local authority,England,West Midlands,Stoke-on-Trent,Secondary,92.0248604519635,4.33787427971902,3.63726526831747,
202526,Local authority,England,North West,Trafford,Secondary,94.5557681672054,4.29411782102963,1.15011401176495,
202526,Local authority,England,North East,Gateshead,Secondary,91.7944102375373,4.57941394637535,3.62617581608739,
202526,Local authority,England,Yorkshire and The Humber,North Yorkshire,Secondary,92.3116394396328,5.43111907366466,2.25724148670256,
202526,Local authority,England,North West,St. Helens,Secondary,91.9139884104427,4.73397979277324,3.35203179678408,
202526,Local authority,England,Yorkshire and The Humber,Barnsley,Secondary,90.8773674442785,5.05097599458352,4.07165656113794,
202526,Local authority,England,East Midlands,Derbyshire,Secondary,92.4905422398633,5.00478981029422,2.50466794984249,
202526,Local authority,England,Yorkshire and The Humber,East Riding of Yorkshire,Secondary,92.8056562324308,4.68594057684466,2.50840319072455,
202526,Local authority,England,South East,West Sussex,Secondary,92.8373966370702,5.0080048649722,2.15459849795756,
202526,Local authority,England,Yorkshire and The Humber,Doncaster,Secondary,92.4503781344192,3.98805414246859,3.56156772311226,
202526,Local authority,England,North West,Lancashire,Secondary,92.5072704508379,5.22986333825028,2.26286621091178,
202526,Local authority,England,South West,"Bristol, City of",Secondary,90.9271897421975,5.83774011038363,3.23507014741885,
202526,Local authority,England,London,Sutton,Secondary,94.7796176833005,3.73025652514843,1.49012579155108,
202526,Local authority,England,East Midlands,Derby,Secondary,92.4939529065754,4.85917938058519,2.64686771283943,
202526,Local authority,England,London,Enfield,Secondary,93.9613212170881,3.59239708288808,2.44628170002384,
202526,Local authority,England,London,Kingston upon Thames,Secondary,95.1002202667406,3.29332884438078,1.60645088887862,
202526,Local authority,England,North East,Northumberland,Secondary,92.0267681300429,5.17533223622503,2.79789963373209,
202526,Local authority,England,London,Hammersmith and Fulham,Secondary,94.5270305101222,3.58447908918853,1.88849040068929,
202526,Local authority,England,West Midlands,Warwickshire,Secondary,92.103895329829,5.40925023600224,2.48685443416874,
202526,Local authority,England,South East,Windsor and Maidenhead,Secondary,93.3295857713579,4.7842585522458,1.88615567639627,
202526,Local authority,England,London,Hackney,Secondary,93.3154111664855,3.76699737761843,2.91759145589602,
202526,Local authority,England,East of England,Central Bedfordshire,Secondary,93.4333347306979,4.84970345927581,1.71696181002629,
202526,Local authority,England,London,Lewisham,Secondary,94.3053882470653,3.04091492653878,2.65369682639593,
202526,Local authority,England,South West,Gloucestershire,Secondary,92.7754496385371,5.48439743162481,1.74015292983805,
202526,Local authority,England,London,Bromley,Secondary,93.828843337324,4.17864370316801,1.99251295950799,
202526,Local authority,England,South East,Southampton,Secondary,91.0538235205789,5.09050670974787,3.85566976967319,
202526,Local authority,England,North West,Wigan,Secondary,92.4411061193147,4.89151625945134,2.66737762123394,
202526,Local authority,England,North West,Blackpool,Secondary,92.8219876261278,3.04755580879571,4.13045656507649,
202526,Local authority,England,London,Tower Hamlets,Secondary,94.6232854688605,3.39966375437533,1.97705077676414,
202526,Local authority,England,London,Hounslow,Secondary,93.9742740369968,3.76148837977482,2.26423758322839,
202526,Local authority,England,West Midlands,Coventry,Secondary,92.3924079079346,4.44671736290368,3.16087472916177,
202526,Local authority,England,London,Havering,Secondary,93.9994359329429,4.08300340311547,1.91756066394168,
202526,Local authority,England,East Midlands,Leicester,Secondary,93.3216156305092,4.0034994204416,2.67488494904918,
202526,Local authority,England,South West,Isles of Scilly,Secondary,c,c,c,
202526,Local authority,England,North East,Sunderland,Secondary,91.219412635635,4.24065765507335,4.5399297092916,
202526,Local authority,England,North West,Stockport,Secondary,92.5191376565771,4.91953311722964,2.56132922619322,
202526,Local authority,England,North East,South Tyneside,Secondary,90.8406579061874,6.49415406181571,2.66518803199684,
202526,Local authority,England,South East,Bracknell Forest,Secondary,93.5687332719056,4.71211223728665,1.71915449080778,
202526,Local authority,England,North West,Westmorland and Furness,Secondary,92.4201152565744,5.6879309617914,1.89195378163418,
202526,Local authority,England,London,Waltham Forest,Secondary,93.5193779674238,3.55574393514676,2.92487809742945,
202526,Local authority,England,West Midlands,"Herefordshire, County of",Secondary,92.9889621443728,5.45686582591612,1.55417202971108,
202526,Local authority,England,South East,Hampshire,Secondary,92.746415099875,5.30173044208699,1.951854458038,
202526,Local authority,England,Yorkshire and The Humber,Kirklees,Secondary,93.2137566194161,4.33296226655838,2.45328111402548,
202526,Local authority,England,North East,Hartlepool,Secondary,91.2940535480521,4.03018202827325,4.67576442367465,
202526,Local authority,England,North West,Blackburn with Darwen,Secondary,91.9849508164629,4.91265182465173,3.1023973588854,
202526,Local authority,England,Yorkshire and The Humber,North Lincolnshire,Secondary,92.1960998388904,4.46987168478127,3.33402847632834,
202526,Local authority,England,London,Greenwich,Secondary,93.1542751374251,3.8758932299354,2.96983163263949,
202526,Local authority,England,Yorkshire and The Humber,North East Lincolnshire,Secondary,90.53921739366,5.13842609255411,4.32235651378585,
202526,Local authority,England,South West,Plymouth,Secondary,91.5138248492389,5.50209501418886,2.9840801365722,
202526,Local authority,England,North East,Darlington,Secondary,92.4216602975852,4.60183754776811,2.97650215464672,
202526,Local authority,England,London,Camden,Secondary,91.655634458569,5.4265076442046,2.91785789722643,
202526,Local authority,England,Yorkshire and The Humber,Leeds,Secondary,92.2964864422041,3.84020151881436,3.86331203898152,
202526,Local authority,England,North West,Sefton,Secondary,90.7939962017431,5.12915981162646,4.07684398663045,
202526,Local authority,England,South East,Slough,Secondary,93.5170515389203,4.52820040331557,1.95474805776415,
202526,Local authority,England,East of England,Essex,Secondary,92.624261495589,4.47672263894312,2.89901586546788,
202526,Local authority,England,North East,Middlesbrough,Secondary,91.2936052888623,3.82140160393109,4.88499310720661,
202526,Local authority,England,North East,North Tyneside,Secondary,92.7589097434151,4.58543988788327,2.65565036870162,
202526,Local authority,England,South West,Wiltshire,Secondary,92.2834390610458,5.24075663552385,2.47580430343031,
202526,Local authority,England,East Midlands,North Northamptonshire,Secondary,92.1414570177025,4.9420204943495,2.91652248794797,
202526,Local authority,England,North West,Liverpool,Secondary,91.6098432569139,3.8847815220716,4.50537522101447,
202526,Local authority,England,North East,County Durham,Secondary,92.3391624942086,4.85888996862507,2.80194753716635,
202526,Local authority,England,East of England,Hertfordshire,Secondary,93.4520857864719,4.81592762471898,1.73198658880914,
202526,Local authority,England,North West,Bury,Secondary,92.08574051369,4.87051449172873,3.04374499458131,
202526,Local authority,England,London,Lambeth,Secondary,93.6381130776414,3.71214933446466,2.6497375878939,
202526,Local authority,England,North West,Manchester,Secondary,93.3669139788931,3.34914265537199,3.28394336573494,
202526,Local authority,England,South West,Torbay,Secondary,92.1333387117132,5.52472384838694,2.34193743989986,
202526,Local authority,England,Yorkshire and The Humber,Bradford,Secondary,90.5519909131695,4.79658357709736,4.6514255097331,
202526,Local authority,England,West Midlands,Staffordshire,Secondary,93.2565804108503,4.86733437308526,1.87608521606444,
202526,Local authority,England,East Midlands,Nottingham,Secondary,92.4197471713412,3.64273516873672,3.93751765992211,
202526,Local authority,England,South West,Cornwall,Secondary,91.8570387057905,5.46775064447138,2.67521064973811,
202526,Local authority,England,London,Barnet,Secondary,94.7597734983627,3.5051483018288,1.73507819980849,
202526,Local authority,England,North West,Oldham,Secondary,93.1116010039867,3.55636382006011,3.33203517595319,
202526,Local authority,England,London,Merton,Secondary,94.5557788932861,3.49343225765332,1.95078884906055,
202526,Local authority,England,South East,Wokingham,Secondary,94.0535923502915,4.4504137042724,1.49599394543615,
202526,Local authority,England,South East,Surrey,Secondary,93.9573238853491,4.35400115554907,1.6886749591018,
202526,Local authority,England,London,Richmond upon Thames,Secondary,94.6161866503543,3.24628505001965,2.13752829962604,
202526,Local authority,England,West Midlands,Sandwell,Secondary,92.962131710484,3.92009597332553,3.11777231619049,
202526,Regional,England,East Midlands,,Secondary,92.6346841884332,4.77543089184949,2.58988491971734,
202526,Regional,England,East of England,,Secondary,92.9053268419548,4.80464140713145,2.29003175091379,
202526,Regional,England,South West,,Secondary,92.0833880642916,5.42248836845578,2.49412356725262,
202526,Regional,England,Yorkshire and The Humber,,Secondary,91.9511944430182,4.46564828997557,3.5831572670062,
202526,Regional,England,London,,Secondary,93.9664723995038,3.73378507789313,2.2997425226031,
202526,Regional,England,South East,,Secondary,92.8698850790058,4.9290073778526,2.20110754314161,
202526,Regional,England,North West,,Secondary,92.3785810935594,4.62665885949699,2.99476004694359,
202526,Regional,England,North East,,Secondary,91.8630030322171,4.60218601824611,3.53481094953681,
202526,Regional,England,West Midlands,,Secondary,92.8070354704905,4.5819517777655,2.61101275174398,
202526,National,England,,,Secondary,92.7168638259926,4.63357719798724,2.64955897602017,
202526,Local authority,England,South East,East Sussex,Special,86.2450796684986,9.23450331375681,4.52041701774463,
202526,Local authority,England,South West,"Bristol, City of",Special,86.0102975136806,8.78074203200676,5.20896045431265,
202526,Local authority,England,North East,County Durham,Special,87.799864967407,8.17186183656276,4.02827319603028,
202526,Local authority,England,South West,Somerset,Special,83.4731015587397,13.3399977785183,3.18690066274205,
202526,Local authority,England,West Midlands,Stoke-on-Trent,Special,86.2781459860422,8.93539042268358,4.7864635912742,
202526,Local authority,England,North West,Blackburn with Darwen,Special,86.1441650303991,9.62598471765513,4.22985025194578,
202526,Local authority,England,West Midlands,Solihull,Special,85.2829353942293,10.3828234090501,4.33424119672063,
202526,Local authority,England,South West,Plymouth,Special,87.8348940504145,8.78009449175319,3.38501145783235,
202526,Local authority,England,North East,Middlesbrough,Special,88.8019293605103,7.62097401587055,3.57709662361911,
202526,Local authority,England,North West,Salford,Special,85.8483287808336,9.32046122729832,4.83120999186805,
202526,Local authority,England,London,Hillingdon,Special,88.9449111095425,7.27459739631127,3.78049149414624,
202526,Local authority,England,East Midlands,West Northamptonshire,Special,88.2100689524889,9.13384339284027,2.65608765467082,
202526,Local authority,England,West Midlands,Wolverhampton,Special,89.7985130651684,7.14406800184051,3.05741893299106,
202526,Local authority,England,South East,Buckinghamshire,Special,88.2536128376378,9.06394368734638,2.68244347501576,
202526,Local authority,England,London,Barnet,Special,87.3891001267427,10.5299215565375,2.08097831671976,
202526,Local authority,England,London,Hammersmith and Fulham,Special,88.2218452688251,8.97005678884874,2.80809794232613,
202526,Local authority,England,South West,North Somerset,Special,88.8470017636684,8.34215167548501,2.81084656084656,
202526,Local authority,England,Yorkshire and The Humber,Bradford,Special,86.1358903428341,9.47145121685886,4.39265844030709,
202526,Local authority,England,West Midlands,Worcestershire,Special,88.2561143704155,9.33554057891711,2.40834505066737,
202526,Local authority,England,South East,Kent,Special,86.4702238083402,10.1116259399542,3.41815025170555,
202526,Local authority,England,South West,Dorset,Special,89.3456301033082,8.5958498401335,2.05852005655835,
202526,Local authority,England,North West,Trafford,Special,91.0139271860541,6.45067065476469,2.53540215918119,
