time_period,geographic_level,country_name,region_name,la_name,school_type,attendance_perc,authorised_absence_perc,unauthorised_absence_perc,pa_perc
202526,Local authority,England,London,Tower Hamlets,Primary,93.9642871794726,4.43791044500046,1.59780237552696,
202526,Local authority,England,West Midlands,Walsall,Primary,94.4742506174318,3.44791698294947,2.07783239961876,
202526,Local authority,England,London,Bexley,Primary,95.2408789012589,3.46504863606317,1.29407246267798,
202526,Local authority,England,South East,Bracknell Forest,Primary,95.6117054698692,3.53449142531605,0.853803104814725,
202526,Local authority,England,West Midlands,Warwickshire,Primary,94.9673272798,3.95240326390763,1.08026945629236,
202526,Local authority,England,South West,Cornwall,Primary,94.5666163219951,4.19257648613023,1.24080719187471,
202526,Local authority,England,South East,Hampshire,Primary,95.4664554465543,3.65545135919015,0.878093194255578,
202526,Local authority,England,South East,Slough,Primary,94.1890976512178,4.49986281292435,1.31103953585779,
202526,Local authority,England,North East,Darlington,Primary,94.3888616977723,4.26274622069131,1.34839208153641,
202526,Local authority,England,North West,Stockport,Primary,95.1832380015205,3.65457892940113,1.16218306907835,
202526,Local authority,England,North West,Sefton,Primary,94.8418119612765,3.75426025194935,1.4039277867741,
202526,Local authority,England,London,Barnet,Primary,95.2265476955188,3.74258218799467,1.03087011648657,
202526,Local authority,England,North West,Wirral,Primary,94.637095299759,3.94351439375504,1.41939030648592,
202526,Local authority,England,East of England,Southend-on-Sea,Primary,94.7595154832497,3.87694490902641,1.36353960772389,
202526,Local authority,England,South East,Buckinghamshire,Primary,94.9544883130705,4.02370965277727,1.02180203415227,
202526,Local authority,England,North East,Sunderland,Primary,94.7778639987663,3.74264095703665,1.4794950441971,
202526,Local authority,England,London,Sutton,Primary,95.1526701251921,3.64194783807266,1.20538203673521,
202526,Local authority,England,West Midlands,Wolverhampton,Primary,94.494827435099,3.60295686166861,1.90221570323236,
202526,Local authority,England,London,Redbridge,Primary,94.3290570278116,4.07704493740968,1.59389803477873,
202526,Local authority,England,London,Greenwich,Primary,94.9878918963905,3.25066623969432,1.76144186391523,
202526,Local authority,England,Yorkshire and The Humber,Wakefield,Primary,94.7851478097494,3.86951293408939,1.34533925616117,
202526,Local authority,England,South East,West Berkshire,Primary,95.2436886173546,3.90806841651919,0.848242966126235,
202526,Local authority,England,South West,Gloucestershire,Primary,95.0567669867679,4.00711208480965,0.936120928422412,
202526,Local authority,England,South West,Swindon,Primary,95.2993515836098,3.60581378271488,1.09483463367528,
202526,Local authority,England,East of England,Central Bedfordshire,Primary,95.1440475922085,3.74146113265398,1.11449127513752,
202526,Local authority,England,West Midlands,Stoke-on-Trent,Primary,94.8486670492607,3.49763281379017,1.65370013694918,
202526,Local authority,England,Yorkshire and The Humber,Leeds,Primary,94.5851433526321,3.56687780093281,1.84797884643512,
202526,Local authority,England,North East,Hartlepool,Primary,94.8446185798987,3.64079380648085,1.51458761362042,
202526,Local authority,England,West Midlands,Sandwell,Primary,94.5069534614746,3.62285630776653,1.87019023075886,
202526,Local authority,England,North West,Wigan,Primary,94.9872080642814,3.73302387572673,1.27976805999188,
202526,Local authority,England,South East,Southampton,Primary,94.3425142931675,3.99708701984739,1.66039868698507,
202526,Local authority,England,London,Croydon,Primary,94.5925196756123,3.87199073649765,1.53548958789007,
202526,Local authority,England,North West,Westmorland and Furness,Primary,95.4443880594357,3.5624048502978,0.993207090266464,
202526,Local authority,England,North West,Tameside,Primary,94.9810583320463,3.35151372831731,1.6674279396364,
202526,Local authority,England,North West,Rochdale,Primary,94.6155756846978,3.445727922298,1.93869639300422,
202526,Local authority,England,North West,Warrington,Primary,95.6806425085271,3.22350547192277,1.0958520195501,
202526,Local authority,England,North East,Redcar and Cleveland,Primary,94.6508245594062,3.51361221632283,1.83556322427099,
202526,Local authority,England,South West,Wiltshire,Primary,95.3464647522405,3.7270901104494,0.926445137310142,
202526,Local authority,England,East Midlands,Derbyshire,Primary,95.0702147162469,3.89654910375799,1.03323617999506,
202526,Local authority,England,West Midlands,"Herefordshire, County of",Primary,95.3790478444366,3.88080306078176,0.740149094781683,
202526,Local authority,England,West Midlands,Shropshire,Primary,95.1420024443673,3.96300398096321,0.894993574669534,
202526,Local authority,England,South West,"Bournemouth, Christchurch and Poole",Primary,95.2904625082434,3.66249442706427,1.04704306469237,
202526,Local authority,England,South East,Milton Keynes,Primary,95.3523823807158,3.6150619356626,1.03255568362157,
202526,Local authority,England,East of England,Essex,Primary,94.6906768181553,3.99474709125284,1.31457609059188,
202526,Local authority,England,North East,Stockton-on-Tees,Primary,94.9591033057686,3.50870155888467,1.53219513534678,
202526,Local authority,England,London,Lewisham,Primary,94.9148436336643,3.52501202020135,1.56014434613438,
202526,Local authority,England,London,Kingston upon Thames,Primary,95.4428705846451,3.2507268858768,1.30640252947808,
202526,Local authority,England,South East,Portsmouth,Primary,94.9083386275908,3.69587775294564,1.39578361946351,
202526,Local authority,England,East Midlands,North Northamptonshire,Primary,94.6983242560727,4.0083461416327,1.29332960229459,
202526,Local authority,England,London,Richmond upon Thames,Primary,95.8367448945979,2.99482467655455,1.16843042884756,
202526,Local authority,England,North West,Cheshire East,Primary,95.4409753301559,3.71696233444664,0.842062335397416,
202526,Local authority,England,Yorkshire and The Humber,Bradford,Primary,94.1727675122315,3.83888794733898,1.98834454042949,
202526,Local authority,England,London,Newham,Primary,93.7385643415553,3.66324720889864,2.59818844954608,
202526,Local authority,England,East Midlands,West Northamptonshire,Primary,95.1713361623769,3.69170999746212,1.13695384016101,
202526,Local authority,England,North East,North Tyneside,Primary,95.0461051061042,3.55786659083657,1.39602830305919,
202526,Local authority,England,East of England,Peterborough,Primary,94.9349671022203,3.93093040786161,1.1341024899181,
202526,Local authority,England,London,Havering,Primary,94.9593339620603,4.02179623382823,1.01886980411143,
202526,Local authority,England,North West,Cheshire West and Chester,Primary,95.1793479404137,3.72519616180983,1.09545589777648,
202526,Local authority,England,London,Hounslow,Primary,94.4667315307975,3.82943050735239,1.70383796185007,
202526,Local authority,England,London,Brent,Primary,94.8402260135484,3.75684155130838,1.40293243514323,
202526,Local authority,England,London,Hackney,Primary,94.5456016936524,3.96477680888345,1.48962149746415,
202526,Local authority,England,London,Southwark,Primary,94.8591444103826,3.78874607897012,1.35210951064725,
202526,Local authority,England,West Midlands,Coventry,Primary,94.3838181985316,4.04970284604348,1.56647895542491,
202526,Local authority,England,Yorkshire and The Humber,North East Lincolnshire,Primary,94.804519722105,3.3340626847304,1.86141759316457,
202526,Local authority,England,North West,Knowsley,Primary,93.483861971633,3.5632910856833,2.95284694268367,
202526,Local authority,England,South West,Devon,Primary,94.8508188762733,4.13355466126099,1.01562646246571,
202526,Local authority,England,Yorkshire and The Humber,"Kingston upon Hull, City of",Primary,94.678687171239,3.5648296825836,1.75648314617737,
202526,Local authority,England,Yorkshire and The Humber,Barnsley,Primary,94.8516511490982,3.46734716938296,1.68100168151883,
202526,Local authority,England,Yorkshire and The Humber,Sheffield,Primary,94.3661458843224,3.71081199081513,1.92304212486249,
202526,Local authority,England,South West,Somerset,Primary,94.6656164033508,4.12089163193379,1.21349196471537,
202526,Local authority,England,East of England,Norfolk,Primary,94.7014100568006,4.03659297803476,1.26199696516463,
202526,Local authority,England,London,Wandsworth,Primary,94.8067891479966,3.75729817410268,1.43591267790069,
202526,Local authority,England,North West,Cumberland,Primary,95.1630405003695,3.8180107814586,1.01894871817193,
202526,Local authority,England,East Midlands,Derby,Primary,94.4194341760207,3.75638849776879,1.82417732621052,
202526,Local authority,England,Yorkshire and The Humber,Rotherham,Primary,94.595067732594,3.63781782157224,1.76711444583375,
202526,Local authority,England,South East,Wokingham,Primary,95.6520470357713,3.50623916134864,0.841713802880077,
202526,Local authority,England,East of England,Hertfordshire,Primary,95.0858233740301,3.94899718274222,0.965179443227683,
202526,Local authority,England,North West,Manchester,Primary,94.3388975870375,3.7430919158258,1.91801049713673,
202526,Local authority,England,North West,Bury,Primary,94.9019461901506,3.89648679681477,1.20156701303459,
202526,Local authority,England,South East,Oxfordshire,Primary,95.0981717428836,3.91432234854877,0.987505908567639,
202526,Local authority,England,London,Kensington and Chelsea,Primary,94.199579200981,4.49442969586497,1.305991103154,
202526,Local authority,England,North West,Liverpool,Primary,94.3965461748531,3.13540407663426,2.46804974851263,
202526,Local authority,England,North West,Lancashire,Primary,94.8841225214037,3.87777325295754,1.23810422563875,
202526,Local authority,England,North West,Salford,Primary,94.4058629012955,3.66030467048175,1.93383242822277,
202526,Local authority,England,North West,Halton,Primary,94.531809550777,3.85861010710062,1.60958034212236,
202526,Local authority,England,North West,Oldham,Primary,94.6949579133849,3.46361395938437,1.84142812723071,
202526,Local authority,England,East Midlands,Leicestershire,Primary,95.3661632855026,3.66150055197744,0.97233616251997,
202526,Local authority,England,Yorkshire and The Humber,North Yorkshire,Primary,95.1280442085104,3.77498049103321,1.09697530045642,
202526,Local authority,England,West Midlands,Birmingham,Primary,94.1956378785494,4.0351474770881,1.76921464436251,
202526,Local authority,England,East Midlands,Nottinghamshire,Primary,95.1802855365494,3.53386755346901,1.28584690998162,
202526,Local authority,England,London,Westminster,Primary,94.0314330272568,4.2261587022475,1.74240827049569,
202526,Local authority,England,London,Barking and Dagenham,Primary,94.5976185019006,3.80670189474185,1.59567960335752,
202526,Local authority,England,London,Enfield,Primary,94.5859936915661,3.82583966991587,1.58816663851806,
202526,Local authority,England,London,Bromley,Primary,95.3457635055978,3.56457182822473,1.08966466617745,
202526,Local authority,England,Yorkshire and The Humber,Calderdale,Primary,94.8847157376846,3.89545328282369,1.21983097949168,
202526,Local authority,England,North East,Middlesbrough,Primary,94.6652508537602,3.40226029153076,1.93248885470901,
202526,Local authority,England,West Midlands,Solihull,Primary,94.9410497842854,3.83137599742245,1.22757421829215,
202526,Local authority,England,South West,"Bristol, City of",Primary,94.3337478704497,4.0654590397971,1.60079308975316,
202526,Local authority,England,Yorkshire and The Humber,York,Primary,94.9247462513263,3.77041500670657,1.30483874196713,
202526,Local authority,England,South West,Plymouth,Primary,94.8897731431867,3.89055495374617,1.21967190306708,
202526,Local authority,England,North West,St. Helens,Primary,95.0295306701871,3.5184990939313,1.45197023588159,
202526,Local authority,England,South East,Isle of Wight,Primary,94.0000709478308,4.67991241167801,1.32001664049122,
202526,Local authority,England,London,Haringey,Primary,94.6649136927746,3.67034120449428,1.66474510273116,
202526,Local authority,England,North West,Blackpool,Primary,94.4041291614442,3.19125435414537,2.40461648441041,
202526,Local authority,England,East Midlands,Rutland,Primary,95.596739979904,3.75369188141322,0.649568138682798,
202526,Local authority,England,London,Merton,Primary,95.2947853342468,3.55226667245164,1.15294799330156,
202526,Local authority,England,South West,Dorset,Primary,94.6326508428017,4.08094898489947,1.28640017229889,
202526,Local authority,England,North West,Bolton,Primary,94.7508723591182,3.81478801797318,1.43433962290866,
202526,Local authority,England,South West,South Gloucestershire,Primary,95.130362930814,3.66472698120901,1.20491008797694,
202526,Local authority,England,South East,Medway,Primary,94.4891416584263,4.05582983542015,1.4550285061535,
202526,Local authority,England,West Midlands,Staffordshire,Primary,95.3257559466695,3.7311474795369,0.943096573793569,
202526,Local authority,England,South West,North Somerset,Primary,95.0595480814732,3.83796603940758,1.10248587911922,
202526,Local authority,England,Yorkshire and The Humber,Kirklees,Primary,94.8579856872313,3.86036637537545,1.28164793739327,
202526,Local authority,England,Yorkshire and The Humber,North Lincolnshire,Primary,94.8046962512594,3.63436205736407,1.56094169137649,
202526,Local authority,England,London,Islington,Primary,93.9614568378728,4.07776057432727,1.96078258779995,
202526,Local authority,England,North East,Newcastle upon Tyne,Primary,94.5925724131174,3.62852984823176,1.77889773865084,
202526,Local authority,England,North East,Northumberland,Primary,94.74662347061,3.71623634668878,1.53714018270126,
202526,Local authority,England,London,Ealing,Primary,94.9353113859761,3.70799028341169,1.3566983306122,
202526,Local authority,England,North East,Gateshead,Primary,95.0122339730447,3.76072920649193,1.22703682046337,
202526,Local authority,England,North East,South Tyneside,Primary,94.5646647347313,4.31721436502635,1.11812090024237,
202526,Local authority,England,East of England,Thurrock,Primary,95.0316647424792,3.39215430272286,1.57618095479798,
202526,Local authority,England,East Midlands,Leicester,Primary,94.5318821358031,3.56726263205395,1.90085523214292,
202526,Local authority,England,London,Lambeth,Primary,94.5001082452923,3.58271611649005,1.91717563821768,
202526,Local authority,England,South East,Brighton and Hove,Primary,94.4298497088688,4.37093326051775,1.19921703061342,
202526,Local authority,England,South East,Windsor and Maidenhead,Primary,95.3524388066884,3.6869406836886,0.960620509623022,
202526,Local authority,England,East of England,Bedford,Primary,95.2001759004499,3.78789608487009,1.01192801468006,
202526,Local authority,England,London,Harrow,Primary,95.2972508082354,3.72357543927301,0.979173752491623,
202526,Local authority,England,South West,Bath and North East Somerset,Primary,95.3803843229392,3.68271367726021,0.936901999800626,
202526,Local authority,England,West Midlands,Worcestershire,Primary,95.0147995223544,3.82416578074837,1.1610346968972,
202526,Local authority,England,North East,County Durham,Primary,94.6422527726775,4.02257330633914,1.33517392098337,
202526,Local authority,England,Yorkshire and The Humber,East Riding of Yorkshire,Primary,95.2213195077289,3.59659216697815,1.182088325293,
202526,Local authority,England,West Midlands,Telford and Wrekin,Primary,94.9517912411758,3.75657553404718,1.291633224777,
202526,Local authority,England,East Midlands,Lincolnshire,Primary,95.1372896308707,3.76789017716274,1.09482019196654,
202526,Local authority,England,South East,East Sussex,Primary,94.2586231371389,4.31371646442621,1.42766039843487,
202526,Local authority,England,London,Camden,Primary,94.2700248657333,4.43448962191474,1.29548551235199,
202526,Local authority,England,London,Hillingdon,Primary,94.1534120800686,4.18683254287966,1.65975537705173,
202526,Local authority,England,East of England,Luton,Primary,94.8008312494541,3.92426123009481,1.27490752045113,
202526,Local authority,England,South East,West Sussex,Primary,94.8588180623896,4.08400048795546,1.05718144965491,
202526,Local authority,England,North West,Blackburn with Darwen,Primary,94.9631980325211,3.5518003637731,1.48500160370581,
202526,Local authority,England,Yorkshire and The Humber,Doncaster,Primary,94.9469845734369,3.44650631301797,1.60650911354514,
202526,Local authority,England,London,City of London,Primary,c,c,c,
202526,Local authority,England,East Midlands,Nottingham,Primary,94.0771207726888,3.46958092201931,2.45329830529188,
202526,Local authority,England,London,Hammersmith and Fulham,Primary,94.7992738989524,3.89382929575856,1.30689680528909,
202526,Local authority,England,West Midlands,Dudley,Primary,94.6697749878495,3.73892573685691,1.59129927529362,
202526,Local authority,England,South West,Torbay,Primary,94.4791550132947,4.26420185843738,1.25664312826789,
202526,Local authority,England,South East,Kent,Primary,94.5301809835972,3.9773288721219,1.49249014428091,
202526,Local authority,England,North West,Trafford,Primary,95.8460709191588,3.21195763989332,0.941971440947865,
202526,Local authority,England,East of England,Cambridgeshire,Primary,94.9400886687702,4.13105603706514,0.928855294164636,
202526,Local authority,England,East of England,Suffolk,Primary,94.9300556909284,3.89893475127384,1.17100955779774,
202526,Local authority,England,South East,Surrey,Primary,95.2643721324031,3.78059656802391,0.955031299572964,
202526,Local authority,England,South East,Reading,Primary,94.6481023081596,3.71103066332602,1.64086702851433,
202526,Local authority,England,London,Waltham Forest,Primary,94.8521185760153,3.42603366459224,1.72184775939247,
202526,Regional,England,South West,,Primary,94.9081965714044,3.95597383126816,1.13582959732741,
202526,Regional,England,North East,,Primary,94.7324139725907,3.77345655512535,1.49412947228393,
202526,Regional,England,East Midlands,,Primary,94.9646835144933,3.71264912887221,1.32266735663447,
202526,Regional,England,Yorkshire and The Humber,,Primary,94.7091967127889,3.68398617425644,1.60681711295467,
202526,Regional,England,South East,,Primary,94.9299303994102,3.91847869684717,1.15159090374263,
202526,Regional,England,London,,Primary,94.7422195566724,3.7635294092379,1.49425103408975,
202526,Regional,England,North West,,Primary,94.8567564176905,3.63963925373624,1.50360432857329,
202526,Regional,England,West Midlands,,Primary,94.7278707727662,3.82433322611932,1.44779600111445,
202526,Regional,England,East of England,,Primary,94.8856781597037,3.94640943727829,1.167912403018,
202526,National,England,,,Primary,94.8348780394147,3.80377428587914,1.36134767470612,
202526,Local authority,England,North West,Halton,Secondary,90.1629611172271,4.96854725299078,4.86849162978207,
202526,Local authority,England,London,Croydon,Secondary,92.1657391156369,4.3651142745753,3.46914660978777,
202526,Local authority,England,North East,Newcastle upon Tyne,Secondary,90.5872160978836,4.21629260260986,5.19649129950652,
202526,Local authority,England,West Midlands,Wolverhampton,Secondary,92.5181472443786,3.70199846188389,3.77985429373754,
202526,Local authority,England,London,Newham,Secondary,92.9226752450641,3.66408434526336,3.41324040967259,
202526,Local authority,England,London,Hounslow,Secondary,93.1174773282974,4.20450451986949,2.67801815183309,
202526,Local authority,England,South West,Devon,Secondary,90.3638185944705,6.54028591305121,3.0958954924783,
202526,Local authority,England,East of England,Cambridgeshire,Secondary,91.953227974635,5.99430160420617,2.0524704211588,
202526,Local authority,England,West Midlands,Solihull,Secondary,91.7886488076472,5.44216892726334,2.7691822650895,
202526,Local authority,England,Yorkshire and The Humber,Kirklees,Secondary,92.4138990606591,4.8197739213501,2.76632701799077,
202526,Local authority,England,Yorkshire and The Humber,Bradford,Secondary,89.5292010616829,5.18270626993999,5.28809266837707,
202526,Local authority,England,North West,Blackburn with Darwen,Secondary,91.4259973869889,5.00352549121578,3.57047712179535,
202526,Local authority,England,West Midlands,"Herefordshire, County of",Secondary,92.2476744255006,6.12206260928752,1.63026296521184,
202526,Local authority,England,South East,Bracknell Forest,Secondary,92.7027493382163,5.45222028638916,1.84503037539452,
202526,Local authority,England,South West,Wiltshire,Secondary,91.3586702922283,5.85199063963232,2.78933906813942,
202526,Local authority,England,South East,Oxfordshire,Secondary,91.0627139097903,6.15946889026027,2.77781719994946,
202526,Local authority,England,North West,Cumberland,Secondary,91.293222537759,5.73275155184802,2.97402591039301,
202526,Local authority,England,North West,Cheshire East,Secondary,92.4423551738726,5.95595481949069,1.60169000663669,
202526,Local authority,England,East Midlands,North Northamptonshire,Secondary,91.4128553483758,5.3955571521982,3.19158749942598,
202526,Local authority,England,South East,Reading,Secondary,92.1152444635951,5.01502795465547,2.86972758174941,
202526,Local authority,England,North East,Stockton-on-Tees,Secondary,91.4487265929577,4.52311939913019,4.02815400791212,
202526,Local authority,England,South East,Hampshire,Secondary,91.8333887445608,5.99416255413796,2.17244870130122,
202526,Local authority,England,West Midlands,Worcestershire,Secondary,91.9227199802082,6.04758858913179,2.02969143066001,
202526,Local authority,England,South East,Portsmouth,Secondary,90.7039129261351,5.24277190943858,4.05331516442628,
202526,Local authority,England,North West,Blackpool,Secondary,92.2170125579664,3.38988013257656,4.39310730945704,
202526,Local authority,England,North East,North Tyneside,Secondary,92.0447479931192,5.06877923404034,2.88647277284049,
202526,Local authority,England,South East,Wokingham,Secondary,93.1826267097611,5.12529565516199,1.69207763507695,
202526,Local authority,England,South West,Isles of Scilly,Secondary,c,c,c,
202526,Local authority,England,London,Richmond upon Thames,Secondary,93.4584796556015,3.86609959163108,2.67542075276743,
202526,Local authority,England,West Midlands,Staffordshire,Secondary,92.6570037986933,5.24844753947496,2.0945486618317,
202526,Local authority,England,West Midlands,Coventry,Secondary,91.2500659238746,5.06679456727569,3.68313950884972,
202526,Local authority,England,Yorkshire and The Humber,North Lincolnshire,Secondary,91.6445538943037,4.81748794635021,3.53795815934607,
202526,Local authority,England,Yorkshire and The Humber,Calderdale,Secondary,92.4394070186035,4.87282756556389,2.68776541583261,
202526,Local authority,England,Yorkshire and The Humber,Doncaster,Secondary,91.8620185330292,4.31603913082371,3.82194233614713,
202526,Local authority,England,East of England,Thurrock,Secondary,93.0275165178711,3.89678632222975,3.0756971598991,
202526,Local authority,England,Yorkshire and The Humber,Wakefield,Secondary,90.6970272650033,5.05959675839694,4.24337597659978,
202526,Local authority,England,South East,Slough,Secondary,92.8970877550225,5.16031651984044,1.94259572513704,
202526,Local authority,England,South East,Isle of Wight,Secondary,90.298652470894,7.71810349639677,1.98324403270925,
202526,Local authority,England,South East,Milton Keynes,Secondary,92.3459399605114,5.16568014998041,2.48837988950818,
202526,Local authority,England,North West,Knowsley,Secondary,88.8563759283698,3.74954912410567,7.39407494752457,
202526,Local authority,England,London,Barking and Dagenham,Secondary,93.5420132788362,3.80523098860383,2.65275573255997,
202526,Local authority,England,Yorkshire and The Humber,Leeds,Secondary,91.4041162612825,4.18177162075129,4.41411211796625,
202526,Local authority,England,North West,Salford,Secondary,90.8009935021979,4.479806894587,4.71919960321509,
202526,Local authority,England,North West,Liverpool,Secondary,90.6529037374765,4.11844012929692,5.22865613322654,
202526,Local authority,England,London,Redbridge,Secondary,93.4064534073674,4.48309021630778,2.11045637632486,
202526,Local authority,England,East Midlands,Nottinghamshire,Secondary,91.9691439452375,4.89859665597204,3.13225939879043,
202526,Local authority,England,South East,West Sussex,Secondary,91.8078258178537,5.78249789337887,2.40967628876742,
202526,Local authority,England,London,Southwark,Secondary,93.194971923045,4.03058035417431,2.77444772278068,
202526,Local authority,England,South West,Cornwall,Secondary,90.874421981225,6.13044840216794,2.99512961660703,
202526,Local authority,England,North West,Bolton,Secondary,91.9296224481349,4.9428595763943,3.12751797547075,
202526,Local authority,England,London,Merton,Secondary,93.5548024970645,4.11196254114394,2.33323496179156,
202526,Local authority,England,South West,"Bournemouth, Christchurch and Poole",Secondary,92.4206126314953,5.20747275553587,2.37191461296888,
202526,Local authority,England,North West,Sefton,Secondary,90.0906830521284,5.36294320129204,4.54637374657959,
202526,Local authority,England,London,Kingston upon Thames,Secondary,94.0524556760719,4.04812489683338,1.8994194270947,
202526,Local authority,England,London,Lewisham,Secondary,93.4448875067086,3.44599659307896,3.10911590021244,
202526,Local authority,England,North East,Redcar and Cleveland,Secondary,90.4902718049351,5.11236482819089,4.39736336687403,
202526,Local authority,England,Yorkshire and The Humber,North East Lincolnshire,Secondary,89.9852277689574,5.53011336522163,4.48465886582093,
202526,Local authority,England,North East,Hartlepool,Secondary,90.791482289458,4.22518722113864,4.98333048940336,
202526,Local authority,England,South West,"Bristol, City of",Secondary,89.7349899946283,6.61932701813952,3.64568298723224,
202526,Local authority,England,London,Hammersmith and Fulham,Secondary,93.4882785256676,4.29685393435441,2.21486753997796,
202526,Local authority,England,South West,Bath and North East Somerset,Secondary,91.7798190537401,5.83805804123202,2.38212290502793,
202526,Local authority,England,West Midlands,Stoke-on-Trent,Secondary,91.2306292655521,4.63927277800856,4.13009795643937,
202526,Local authority,England,North West,Stockport,Secondary,91.7814121404661,5.39582889313824,2.8227589663957,
202526,Local authority,England,East of England,Suffolk,Secondary,91.0746009783333,5.88048503215056,3.04491398951617,
202526,Local authority,England,South West,Plymouth,Secondary,90.6772469212336,6.04211752978742,3.28063554897896,
202526,Local authority,England,South East,Southampton,Secondary,89.9266550586381,5.66873347765283,4.40461146370908,
202526,Local authority,England,London,Kensington and Chelsea,Secondary,92.2237605969855,4.17229143947773,3.60394796353677,
202526,Local authority,England,London,Ealing,Secondary,93.0205194358405,4.43001006505796,2.54947049910156,
202526,Local authority,England,West Midlands,Shropshire,Secondary,91.472738253705,6.15369166385081,2.37357008244416,
202526,Local authority,England,West Midlands,Telford and Wrekin,Secondary,92.341362663446,4.73994283655838,2.91869449999561,
202526,Local authority,England,North East,Middlesbrough,Secondary,90.2562049988457,4.28695811677202,5.45683688438227,
202526,Local authority,England,London,Bromley,Secondary,93.0633868350621,4.75901106518985,2.17760209974804,
202526,Local authority,England,South West,Somerset,Secondary,90.6643564204749,6.37248361728746,2.96315996223762,
202526,Local authority,England,London,Waltham Forest,Secondary,92.642935465034,4.02227425868519,3.33479027628085,
202526,Local authority,England,South East,East Sussex,Secondary,91.0295260202195,5.75860001133866,3.21187396844181,
202526,Local authority,England,North West,Lancashire,Secondary,91.8074717377363,5.70462415580937,2.4879041064543,
202526,Local authority,England,Yorkshire and The Humber,North Yorkshire,Secondary,91.4946364752126,6.0446167404692,2.46074678431818,
202526,Local authority,England,London,Barnet,Secondary,93.7996500299152,4.22226134600217,1.97808862408267,
202526,Local authority,England,West Midlands,Dudley,Secondary,91.7997641888861,4.87142955349678,3.32880625761715,
202526,Local authority,England,East of England,Essex,Secondary,91.6806305923405,5.04481241803129,3.27455698962822,
202526,Local authority,England,South West,Dorset,Secondary,91.5641537466457,5.86184381114984,2.57400244220451,
202526,Local authority,England,Yorkshire and The Humber,Sheffield,Secondary,90.6399355874084,4.62975100452709,4.73031340806452,
202526,Local authority,England,London,Hillingdon,Secondary,92.1688019264297,5.19959152519667,2.63160654837361,
202526,Local authority,England,London,Greenwich,Secondary,92.6043751826367,3.92968581556946,3.46593900179381,
202526,Local authority,England,East Midlands,Derbyshire,Secondary,91.8341958177959,5.37919721299138,2.78660696921269,
202526,Local authority,England,East Midlands,Nottingham,Secondary,91.4392569215823,3.99836852935966,4.56237454905801,
202526,Local authority,England,London,Hackney,Secondary,92.3684491088413,4.36274060537819,3.26881028578055,
202526,Local authority,England,North West,St. Helens,Secondary,91.2125831303228,4.91644200732748,3.87097486234973,
202526,Local authority,England,East Midlands,Leicester,Secondary,92.3537432143347,4.26925237014128,3.37700441552405,
202526,Local authority,England,South East,West Berkshire,Secondary,91.6830889836932,6.13521383439308,2.18169718191374,
202526,Local authority,England,West Midlands,Birmingham,Secondary,92.3516258076354,4.56059093522657,3.08778325713803,
202526,Local authority,England,London,Haringey,Secondary,92.7840104903838,4.66520273083007,2.55078677878611,
202526,Local authority,England,North West,Warrington,Secondary,92.6834074595627,4.72453098988802,2.59206155054928,
202526,Local authority,England,North West,Trafford,Secondary,93.9337162048007,4.79011096014326,1.27617283505606,
202526,Local authority,England,London,Sutton,Secondary,93.9827313473905,4.26173967134528,1.75552898126426,
202526,Local authority,England,North West,Cheshire West and Chester,Secondary,91.0147335970569,6.01368213706623,2.97158426587688,
202526,Local authority,England,South West,South Gloucestershire,Secondary,91.2440590431053,6.09594591238486,2.65999504450989,
202526,Local authority,England,North West,Wigan,Secondary,91.9634928605676,5.17700236151548,2.85950477791694,
202526,Local authority,England,North East,Northumberland,Secondary,91.3362849390427,5.5944297022485,3.06928535870881,
202526,Local authority,England,South West,North Somerset,Secondary,91.1136040612981,6.17838194528827,2.70801399341361,
202526,Local authority,England,East Midlands,Lincolnshire,Secondary,92.0898535236157,5.64509833064957,2.26504814573477,
202526,Local authority,England,North West,Rochdale,Secondary,91.4015044912807,4.32605204614027,4.27244346257901,
202526,Local authority,England,London,Bexley,Secondary,93.2526917813088,4.60440433302607,2.14290388566516,
202526,Local authority,England,East Midlands,West Northamptonshire,Secondary,92.1465081248719,5.10358608974585,2.74990578538225,
202526,Local authority,England,South East,Surrey,Secondary,92.9418696459949,5.08247888073754,1.97565147326752,
202526,Local authority,England,North West,Tameside,Secondary,91.2424293792222,4.27254759071201,4.48502303006578,
202526,Local authority,England,North East,Gateshead,Secondary,91.0471232406385,4.93154185039614,4.02133490896533,
202526,Local authority,England,North East,Sunderland,Secondary,90.466338051341,4.57411488669282,4.95954706196622,
202526,Local authority,England,North West,Bury,Secondary,91.4207748896963,5.15072092309637,3.42850418720731,
202526,Local authority,England,West Midlands,Walsall,Secondary,91.0541536062626,4.20246675895135,4.74337963478602,
202526,Local authority,England,North East,South Tyneside,Secondary,90.2762442877855,6.88099969027218,2.84275602194231,
202526,Local authority,England,North West,Manchester,Secondary,92.4551096621251,3.71966857269943,3.8252217651755,
202526,Local authority,England,South East,Windsor and Maidenhead,Secondary,92.3766409511822,5.6325892026204,1.99076984619737,
202526,Local authority,England,East of England,Peterborough,Secondary,92.1377969305147,5.28426603576373,2.57793703372158,
202526,Local authority,England,South East,Medway,Secondary,92.5139526305227,4.85525967456496,2.63078769491231,
202526,Local authority,England,West Midlands,Warwickshire,Secondary,91.2147642474909,6.019676130091,2.76555962241804,
202526,Local authority,England,East Midlands,Derby,Secondary,91.476807323898,5.4334049517615,3.08978772434045,
202526,Local authority,England,Yorkshire and The Humber,Barnsley,Secondary,89.9810744051604,5.59861774146512,4.4203078533745,
202526,Local authority,England,London,Wandsworth,Secondary,92.7486737848089,4.52190111091613,2.72942510427493,
202526,Local authority,England,London,Tower Hamlets,Secondary,93.4161156994509,3.96263035450435,2.62125394604478,
202526,Local authority,England,East Midlands,Rutland,Secondary,92.5739575774658,5.09337275338679,2.33266966914741,
202526,Local authority,England,London,Islington,Secondary,91.5236401473858,3.76910379142746,4.7072560611867,
202526,Local authority,England,East Midlands,Leicestershire,Secondary,91.7375414856126,5.7879914120505,2.47446710233688,
202526,Local authority,England,East of England,Bedford,Secondary,92.0567730647116,5.41474726714483,2.52847966814358,
202526,Local authority,England,East of England,Southend-on-Sea,Secondary,92.7385811803335,4.82796163483971,2.43345718482675,
202526,Local authority,England,East of England,Hertfordshire,Secondary,92.5678180434272,5.46607547936126,1.9661064772115,
202526,Local authority,England,London,Lambeth,Secondary,92.5524102357457,4.397145414223,3.05044435003132,
202526,Local authority,England,East of England,Central Bedfordshire,Secondary,92.6955223799992,5.39259845780952,1.9118791621913,
202526,Local authority,England,South East,Brighton and Hove,Secondary,89.9283551086622,6.85880036480447,3.21284452653334,
202526,Local authority,England,East of England,Norfolk,Secondary,91.2736300286419,6.03459557294576,2.69177439841235,
202526,Local authority,England,South West,Gloucestershire,Secondary,91.8871043801281,6.16184536619353,1.95105025367834,
202526,Local authority,England,London,Camden,Secondary,90.4183871634442,6.01466846986521,3.56694436669064,
202526,Local authority,England,North East,County Durham,Secondary,91.7548950967974,5.24160524160524,3.00349966159735,
202526,Local authority,England,South West,Swindon,Secondary,91.9565887540911,5.1493073633771,2.89410388253178,
202526,Local authority,England,London,Havering,Secondary,93.1704941973982,4.6972974714758,2.13220833112597,
202526,Local authority,England,North West,Westmorland and Furness,Secondary,91.7395901775414,6.23030437457365,2.03010544788497,
202526,Local authority,England,London,Brent,Secondary,93.383765925417,4.26414722612324,2.35208684845974,
202526,Local authority,England,Yorkshire and The Humber,East Riding of Yorkshire,Secondary,92.0965476985055,5.32478810366234,2.57866419783211,
202526,Local authority,England,London,Westminster,Secondary,92.9923859380694,4.22657134677934,2.78104271515123,
202526,Local authority,England,West Midlands,Sandwell,Secondary,92.0886013269159,4.18462838993075,3.72677028315337,
202526,Local authority,England,Yorkshire and The Humber,"Kingston upon Hull, City of",Secondary,91.3485581249306,4.10963250333275,4.54180937173666,
202526,Local authority,England,North East,Darlington,Secondary,91.616439800769,5.14463714976394,3.23892304946704,
202526,Local authority,England,North West,Wirral,Secondary,91.2141551372949,5.29319002738966,3.49265483531548,
202526,Local authority,England,Yorkshire and The Humber,York,Secondary,90.5259255036461,5.35475411748641,4.11932037886753,
202526,Local authority,England,North West,Oldham,Secondary,92.0680337380221,3.99149492210851,3.94047133986943,
202526,Local authority,England,London,Enfield,Secondary,92.9112138908628,4.18492007965126,2.9038660294859,
202526,Local authority,England,London,Harrow,Secondary,93.3692102452398,4.7002378527953,1.93055190196491,
202526,Local authority,England,South West,Torbay,Secondary,90.9293271265341,6.39277401608125,2.67789885738468,
202526,Local authority,England,South East,Buckinghamshire,Secondary,92.5067181962678,5.79951068250358,1.69377112122866,
202526,Local authority,England,South East,Kent,Secondary,92.0586525503884,5.20794852715081,2.7333989224608,
202526,Local authority,England,East of England,Luton,Secondary,92.7712271543758,4.64455944194547,2.58421340367873,
202526,Local authority,England,Yorkshire and The Humber,Rotherham,Secondary,91.0944266296285,4.17655298590663,4.72902038446487,
202526,Regional,England,North West,,Secondary,91.6497370959294,4.9892848637685,3.36097804030206,
202526,Regional,England,South East,,Secondary,91.9392754643727,5.58412194745616,2.47660258817115,
202526,Regional,England,West Midlands,,Secondary,91.9642290739239,5.04509017851396,2.9906807475621,
202526,Regional,England,Yorkshire and The Humber,,Secondary,91.14567444822,4.87859955017495,3.97572600160508,
202526,Regional,England,North East,,Secondary,91.1006576301343,5.007051488459,3.89229088140673,
202526,Regional,England,London,,Secondary,93.0401056781025,4.2895153962852,2.67037892561226,
202526,Regional,England,South West,,Secondary,91.1367732779826,6.0805118973478,2.78271482466961,
202526,Regional,England,East of England,,Secondary,91.9843089218569,5.41788144056911,2.59780963757403,
202526,Regional,England,East Midlands,,Secondary,91.8695164231889,5.20199590039792,2.92848767641319,
202526,National,England,,,Secondary,91.8651702170075,5.15053217342996,2.98429760956248,
202526,Local authority,England,South West,Swindon,Special,88.357603161605,7.86383125899628,3.7785655793987,
202526,Local authority,England,North East,South Tyneside,Special,89.3042273510627,8.3026391376339,2.39313351130335,
202526,Local authority,England,South East,Kent,Special,85.3343327814707,11.1098181422506,3.5558490762787,
202526,Local authority,England,East Midlands,Leicester,Special,80.7839050348517,13.8453961104548,5.37069885469347,
202526,Local authority,England,London,Greenwich,Special,87.4210813062846,11.0678460404448,1.51107265327052,
202526,Local authority,England,London,Hackney,Special,89.525749769829,8.62602597504359,1.84822425512743,
202526,Local authority,England,East Midlands,Derby,Special,85.3680262315289,11.0549908757806,3.57698289269051,
202526,Local authority,England,Yorkshire and The Humber,Calderdale,Special,89.2941798400437,9.70566668371958,1.00015347623676,
202526,Local authority,England,South West,Somerset,Special,82.1463167463972,14.3634223036915,3.49026094991133,
202526,Local authority,England,North East,County Durham,Special,87.0598952063482,8.95164152727688,3.98846326637494,
202526,Local authority,England,Yorkshire and The Humber,Bradford,Special,85.5701569543951,9.85817912468232,4.57166392092257,
202526,Local authority,England,North West,Bury,Special,85.2592431596996,12.3185780868893,2.42217875341109,
202526,Local authority,England,East Midlands,Derbyshire,Special,89.6331058020478,7.91850495296762,2.4483892449846,
202526,Local authority,England,North East,Redcar and Cleveland,Special,87.2892347600519,9.64851762931074,3.06224761063738,
202526,Local authority,England,North West,Stockport,Special,86.5882948937729,10.4666573187445,2.94504778748253,
202526,Local authority,England,East of England,Hertfordshire,Special,87.2769920388021,10.0043873910074,2.71862057019045,
202526,Local authority,England,London,Richmond upon Thames,Special,90.1520382329448,7.64388123959222,2.20408052746301,
202526,Local authority,England,London,Hounslow,Special,89.7935826072927,7.36880848660858,2.83760890609874,
202526,Local authority,England,North West,Cheshire West and Chester,Special,88.8218642317003,8.47783060897815,2.70030515932155,
202526,Local authority,England,West Midlands,Staffordshire,Special,90.1167231124106,7.46472462448794,2.41855226310146,
202526,Local authority,England,West Midlands,Walsall,Special,88.8138586603641,7.79333212130657,3.39280921832931,
202526,Local authority,England,London,Bexley,Special,86.9241955737322,9.63177303838117,3.44403138788658,
