time_period,geographic_level,country_name,region_name,la_name,school_type,attendance_perc,authorised_absence_perc,unauthorised_absence_perc,pa_perc
202526,Local authority,England,London,Tower Hamlets,Primary,93.8390934698096,4.45461411462458,1.70629241556584,
202526,Local authority,England,West Midlands,Walsall,Primary,94.4929494485143,3.38452403881349,2.12252651267225,
202526,Local authority,England,London,Bexley,Primary,95.1307752140619,3.49499116233119,1.37423362360692,
202526,Local authority,England,West Midlands,Warwickshire,Primary,94.9126493082082,3.96842538271974,1.11892530907209,
202526,Local authority,England,South East,Bracknell Forest,Primary,95.6777211432518,3.4180776517888,0.904201204959436,
202526,Local authority,England,South West,Cornwall,Primary,94.5792197677526,4.1479283221075,1.2728519101399,
202526,Local authority,England,South East,Hampshire,Primary,95.5025484902938,3.59829640330339,0.899155106402768,
202526,Local authority,England,South East,Slough,Primary,94.3279481662473,4.28044469837256,1.39160713538016,
202526,Local authority,England,North East,Darlington,Primary,94.2342017126928,4.33692665730188,1.42887163000535,
202526,Local authority,England,North West,Stockport,Primary,95.1012740314067,3.66561098373381,1.23311498485945,
202526,Local authority,England,North West,Sefton,Primary,94.8011259222074,3.74437400918087,1.45450006861175,
202526,Local authority,England,London,Barnet,Primary,95.3066828671056,3.61472294618377,1.07859418671059,
202526,Local authority,England,North West,Wirral,Primary,94.5692324835432,3.9210358370591,1.50973167939773,
202526,Local authority,England,East of England,Southend-on-Sea,Primary,94.754392831315,3.87127868467959,1.37432848400542,
202526,Local authority,England,South East,Buckinghamshire,Primary,95.0012276399728,3.91943590066592,1.07933645936133,
202526,Local authority,England,North East,Sunderland,Primary,94.7438577126937,3.70110830015057,1.55503398715575,
202526,Local authority,England,London,Sutton,Primary,95.1877609132608,3.58473882904705,1.22750025769211,
202526,Local authority,England,West Midlands,Wolverhampton,Primary,94.4450883375595,3.65113871026575,1.90377295217476,
202526,Local authority,England,London,Redbridge,Primary,94.5169603442762,3.81550635183441,1.66753330388942,
202526,Local authority,England,London,Greenwich,Primary,94.9040562720717,3.23039802808589,1.86554569984242,
202526,Local authority,England,South East,West Berkshire,Primary,95.2899505488145,3.8301545778558,0.879894873329692,
202526,Local authority,England,Yorkshire and The Humber,Wakefield,Primary,94.7339504633318,3.85910452387121,1.40694501279701,
202526,Local authority,England,South West,Gloucestershire,Primary,95.0976602431593,3.92763988576181,0.974699871078876,
202526,Local authority,England,South West,Swindon,Primary,95.2915336098033,3.58722166179906,1.12124472839766,
202526,Local authority,England,West Midlands,Stoke-on-Trent,Primary,94.7840538330117,3.49230280163597,1.72364336535231,
202526,Local authority,England,East of England,Central Bedfordshire,Primary,95.2025443253531,3.66800227052656,1.12945340412034,
202526,Local authority,England,Yorkshire and The Humber,Leeds,Primary,94.5590032762397,3.54306200064761,1.89793472311271,
202526,Local authority,England,North East,Hartlepool,Primary,94.7643582869004,3.67449919969655,1.56114251340305,
202526,Local authority,England,West Midlands,Sandwell,Primary,94.5632914953957,3.53823848732488,1.89847001727936,
202526,Local authority,England,North West,Wigan,Primary,94.8165157559486,3.79547702642477,1.38800721762666,
202526,Local authority,England,South East,Southampton,Primary,94.2983357264842,4.01895728772995,1.68270698578587,
202526,Local authority,England,London,Croydon,Primary,94.5142326150372,3.86842476710266,1.61734261786017,
202526,Local authority,England,North West,Westmorland and Furness,Primary,95.3964333756222,3.54105191890386,1.06251470547392,
202526,Local authority,England,North West,Tameside,Primary,94.9365835245133,3.32874834944154,1.73466812604512,
202526,Local authority,England,North West,Rochdale,Primary,94.5712344482686,3.42251111692045,2.00625443481098,
202526,Local authority,England,North West,Warrington,Primary,95.5824451492044,3.26451782493666,1.15303702585896,
202526,Local authority,England,North East,Redcar and Cleveland,Primary,94.4750783113386,3.54927590385428,1.97564578480708,
202526,Local authority,England,East Midlands,Derbyshire,Primary,95.014555816075,3.89361648486046,1.09182769906455,
202526,Local authority,England,South West,Wiltshire,Primary,95.3455409884803,3.69881773900347,0.955641272516228,
202526,Local authority,England,West Midlands,"Herefordshire, County of",Primary,95.4742303739779,3.77267548366918,0.753094142352889,
202526,Local authority,England,West Midlands,Shropshire,Primary,95.0946278142036,3.97628999131435,0.929082194482051,
202526,Local authority,England,South West,"Bournemouth, Christchurch and Poole",Primary,95.3205839684599,3.5979751938107,1.08144083772942,
202526,Local authority,England,South East,Milton Keynes,Primary,95.3850355828506,3.5229747855302,1.09198963161919,
202526,Local authority,England,East of England,Essex,Primary,94.6924418757206,3.94266931425529,1.36488881002409,
202526,Local authority,England,North East,Stockton-on-Tees,Primary,94.8848983041747,3.48747486399277,1.62762683183253,
202526,Local authority,England,London,Kingston upon Thames,Primary,95.4652798319378,3.22101018393872,1.31370998412344,
202526,Local authority,England,London,Lewisham,Primary,94.8155093099671,3.5640569550931,1.62043373493976,
202526,Local authority,England,East Midlands,North Northamptonshire,Primary,94.6559615971695,4.00243931554352,1.34159908728699,
202526,Local authority,England,South East,Portsmouth,Primary,94.9906123861146,3.5880059970015,1.42138161688387,
202526,Local authority,England,London,Richmond upon Thames,Primary,95.7996538764159,2.98938080883026,1.2109653147538,
202526,Local authority,England,North West,Cheshire East,Primary,95.3041380269341,3.80178569014433,0.89407628292161,
202526,Local authority,England,Yorkshire and The Humber,Bradford,Primary,94.0854770444748,3.88220289542359,2.0323200601016,
202526,Local authority,England,London,Newham,Primary,93.787824477448,3.35268504375841,2.85949047879356,
202526,Local authority,England,East Midlands,West Northamptonshire,Primary,95.1613275606007,3.66179392956359,1.17687850983573,
202526,Local authority,England,North East,North Tyneside,Primary,95.030508808438,3.52525359701364,1.44423759454837,
202526,Local authority,England,East of England,Peterborough,Primary,94.9623442684667,3.81911941095615,1.21853632057714,
202526,Local authority,England,London,Havering,Primary,95.0010352506486,3.92824475363801,1.07071999571339,
202526,Local authority,England,North West,Cheshire West and Chester,Primary,95.0788594807599,3.74981953137606,1.17132098786402,
202526,Local authority,England,London,Brent,Primary,94.9593868395322,3.58978049959055,1.45083266087727,
202526,Local authority,England,London,Hounslow,Primary,94.5461626081653,3.70406556535602,1.74977182647872,
202526,Local authority,England,London,Southwark,Primary,94.8475924870803,3.74678381863436,1.40562369428534,
202526,Local authority,England,London,Hackney,Primary,94.5457626718207,3.91674458628996,1.53749274188932,
202526,Local authority,England,West Midlands,Coventry,Primary,94.369292942455,3.980541145108,1.65016591243696,
202526,Local authority,England,North West,Knowsley,Primary,93.4062582281649,3.62704025902589,2.96670151280922,
202526,Local authority,England,Yorkshire and The Humber,North East Lincolnshire,Primary,94.6307473350954,3.40521072351796,1.96404194138662,
202526,Local authority,England,South West,Devon,Primary,94.9034789773151,4.06477334604507,1.03174767663984,
202526,Local authority,England,Yorkshire and The Humber,"Kingston upon Hull, City of",Primary,94.5725683048775,3.57196395791633,1.85546773720618,
202526,Local authority,England,Yorkshire and The Humber,Barnsley,Primary,94.6774092664982,3.53657925471659,1.78601147878517,
202526,Local authority,England,South West,Somerset,Primary,94.715683843028,4.02718583665605,1.25713032031593,
202526,Local authority,England,East of England,Norfolk,Primary,94.7414552648398,3.94537680956228,1.31316792559794,
202526,Local authority,England,Yorkshire and The Humber,Sheffield,Primary,94.3610599324858,3.67258690502523,1.96635316248898,
202526,Local authority,England,North West,Cumberland,Primary,95.1397237000573,3.73882271713648,1.12145358280619,
202526,Local authority,England,London,Wandsworth,Primary,94.8551275845377,3.64202306877009,1.50284934669219,
202526,Local authority,England,Yorkshire and The Humber,Rotherham,Primary,94.4679583745659,3.66047285585523,1.87156876957889,
202526,Local authority,England,East of England,Hertfordshire,Primary,95.1466271245748,3.83443130353548,1.01894157188974,
202526,Local authority,England,South East,Wokingham,Primary,95.7255404816488,3.39955899171796,0.874900526633282,
202526,Local authority,England,East Midlands,Derby,Primary,94.4101299012175,3.70789310978442,1.88197698899805,
202526,Local authority,England,North West,Bury,Primary,94.8000193814218,3.90366519142354,1.29631542715465,
202526,Local authority,England,North West,Manchester,Primary,94.3874391525828,3.62183441037044,1.9907264370468,
202526,Local authority,England,South East,Oxfordshire,Primary,95.1340243097488,3.8244890206027,1.04148666964854,
202526,Local authority,England,London,Kensington and Chelsea,Primary,94.0652797992117,4.51066098332504,1.4240592174633,
202526,Local authority,England,North West,Liverpool,Primary,94.4379810134501,3.06978472103533,2.49223426551457,
202526,Local authority,England,North West,Lancashire,Primary,94.8336384010538,3.84823721780617,1.31812438114002,
202526,Local authority,England,North West,Salford,Primary,94.3167127949499,3.64690626869786,2.03638093635225,
202526,Local authority,England,North West,Halton,Primary,94.3858435432149,3.97492101047588,1.63923544630925,
202526,Local authority,England,North West,Oldham,Primary,94.626080130129,3.45013732163736,1.92378254823369,
202526,Local authority,England,East Midlands,Leicestershire,Primary,95.3225713141987,3.65854810714702,1.01888057865428,
202526,Local authority,England,Yorkshire and The Humber,North Yorkshire,Primary,95.0126776998033,3.80721050379774,1.18011179639898,
202526,Local authority,England,West Midlands,Birmingham,Primary,94.320402249,3.84817602564278,1.83142172535718,
202526,Local authority,England,East Midlands,Nottinghamshire,Primary,95.0903697828138,3.54681746418878,1.36281275299742,
202526,Local authority,England,London,Barking and Dagenham,Primary,94.7140682976548,3.63273186204235,1.65319984030284,
202526,Local authority,England,London,Westminster,Primary,94.1285275050306,4.04665730319173,1.82481519177771,
202526,Local authority,England,London,Enfield,Primary,94.6816113924492,3.7095161372477,1.60887247030312,
202526,Local authority,England,London,Bromley,Primary,95.2092467337901,3.61998501839653,1.17076824781335,
202526,Local authority,England,Yorkshire and The Humber,Calderdale,Primary,94.7484487391162,3.98176529282998,1.26978596805382,
202526,Local authority,England,North East,Middlesbrough,Primary,94.6363498686609,3.32656183906125,2.03708829227789,
202526,Local authority,England,West Midlands,Solihull,Primary,94.9315755295557,3.79903165435898,1.2693928160853,
202526,Local authority,England,South West,"Bristol, City of",Primary,94.3946855960739,3.97995179519764,1.62536260872844,
202526,Local authority,England,Yorkshire and The Humber,York,Primary,94.8863975990104,3.79350213963381,1.32010026135583,
202526,Local authority,England,North West,St. Helens,Primary,94.9979655336883,3.50954197231624,1.49249249399545,
202526,Local authority,England,South West,Plymouth,Primary,94.841563096933,3.89210163460261,1.26633526846435,
202526,Local authority,England,South East,Isle of Wight,Primary,94.0743839522411,4.53462723614716,1.39098881161173,
202526,Local authority,England,London,Haringey,Primary,94.674418433174,3.58803146086078,1.73755010596521,
202526,Local authority,England,London,Merton,Primary,95.3258995184545,3.44599380114537,1.22810668040016,
202526,Local authority,England,East Midlands,Rutland,Primary,95.5715189485929,3.73928228869965,0.689198762707467,
202526,Local authority,England,North West,Blackpool,Primary,94.3282904252825,3.1945061212918,2.47720345342571,
202526,Local authority,England,South West,Dorset,Primary,94.6401306310082,4.01970499116206,1.3401643778297,
202526,Local authority,England,North West,Bolton,Primary,94.7022256757507,3.74821177396523,1.54956255028409,
202526,Local authority,England,South East,Medway,Primary,94.3434486215624,4.12187280288316,1.53467857555442,
202526,Local authority,England,South West,South Gloucestershire,Primary,95.0948435092022,3.66799687687123,1.23715961392657,
202526,Local authority,England,West Midlands,Staffordshire,Primary,95.1727796772132,3.83173461313683,0.995485709649982,
202526,Local authority,England,South West,North Somerset,Primary,95.0114083846296,3.86667827644542,1.12191333892498,
202526,Local authority,England,Yorkshire and The Humber,North Lincolnshire,Primary,94.6801966984208,3.68669232591056,1.63311097566862,
202526,Local authority,England,Yorkshire and The Humber,Kirklees,Primary,94.9007602183322,3.74869695187264,1.35054282979519,
202526,Local authority,England,London,Islington,Primary,94.0176015809461,3.9835811438105,1.99881727524343,
202526,Local authority,England,North East,Newcastle upon Tyne,Primary,94.6399903499564,3.52443446610659,1.83557518393701,
202526,Local authority,England,North East,Northumberland,Primary,94.6547243256812,3.76346381854633,1.5818118557725,
202526,Local authority,England,London,Ealing,Primary,95.0540671601035,3.51741267017845,1.42852016971806,
202526,Local authority,England,North East,South Tyneside,Primary,94.5418022449159,4.25782743926363,1.20037031582048,
202526,Local authority,England,North East,Gateshead,Primary,94.9766494971793,3.70699043414275,1.31636006867795,
202526,Local authority,England,East of England,Thurrock,Primary,95.0013144064396,3.36764765689757,1.6310379366628,
202526,Local authority,England,East Midlands,Leicester,Primary,94.7845057128976,3.42863660080123,1.78685768630117,
202526,Local authority,England,London,Lambeth,Primary,94.4513549115965,3.55601350144642,1.99263158695708,
202526,Local authority,England,South East,Windsor and Maidenhead,Primary,95.4413458241884,3.53078124496356,1.02787293084806,
202526,Local authority,England,South East,Brighton and Hove,Primary,94.4939532360811,4.29451573568071,1.21153102823816,
202526,Local authority,England,East of England,Bedford,Primary,95.3138768886883,3.6501654953038,1.03595761600791,
202526,Local authority,England,London,Harrow,Primary,95.288287727587,3.63817792225468,1.0735343501583,
202526,Local authority,England,South West,Bath and North East Somerset,Primary,95.4276870429999,3.62980948926733,0.942503467732781,
202526,Local authority,England,West Midlands,Worcestershire,Primary,94.9851581336771,3.79788313005487,1.21695873626802,
202526,Local authority,England,North East,County Durham,Primary,94.568142520193,3.98684590012789,1.4450115796791,
202526,Local authority,England,Yorkshire and The Humber,East Riding of Yorkshire,Primary,95.1708038513273,3.54447293951455,1.2847232091582,
202526,Local authority,England,West Midlands,Telford and Wrekin,Primary,94.8865298984992,3.78512778386916,1.32834231763167,
202526,Local authority,England,East Midlands,Lincolnshire,Primary,95.1405409351799,3.71567206927924,1.14378699554088,
202526,Local authority,England,South East,East Sussex,Primary,94.2451650084796,4.2933391316013,1.46149585991914,
202526,Local authority,England,London,Camden,Primary,94.3268535391861,4.2915620569671,1.38158440384679,
202526,Local authority,England,London,Hillingdon,Primary,94.1738976693812,4.10369944529726,1.72240288532159,
202526,Local authority,England,East of England,Luton,Primary,95.0963452207868,3.54320200287188,1.36045277634127,
202526,Local authority,England,South East,West Sussex,Primary,94.9001716349094,4.02474420968219,1.07508415540842,
202526,Local authority,England,North West,Blackburn with Darwen,Primary,95.0410140456093,3.41219339545999,1.54679255893076,
202526,Local authority,England,Yorkshire and The Humber,Doncaster,Primary,94.8142073957952,3.46218866476312,1.72360393944172,
202526,Local authority,England,London,City of London,Primary,c,c,c,
202526,Local authority,England,London,Hammersmith and Fulham,Primary,94.8950557071288,3.74422847283863,1.36071582003253,
202526,Local authority,England,East Midlands,Nottingham,Primary,94.1446519492982,3.31123321237079,2.544114838331,
202526,Local authority,England,West Midlands,Dudley,Primary,94.616020771228,3.72931463190142,1.65466459687058,
202526,Local authority,England,South West,Torbay,Primary,94.4443862964266,4.25018175728498,1.30543194628841,
202526,Local authority,England,South East,Kent,Primary,94.5575731354715,3.92595780686417,1.51646905766439,
202526,Local authority,England,North West,Trafford,Primary,95.8359456652882,3.17134017755901,0.992714157152736,
202526,Local authority,England,East of England,Suffolk,Primary,94.9964579641915,3.78703823288185,1.21650380292662,
202526,Local authority,England,East of England,Cambridgeshire,Primary,95.023673667081,4.02041863533677,0.955907697582214,
202526,Local authority,England,South East,Surrey,Primary,95.2658115694815,3.74583078018648,0.988357650332047,
202526,Local authority,England,London,Waltham Forest,Primary,94.9465014228155,3.24251575694078,1.81098282024368,
202526,Local authority,England,South East,Reading,Primary,94.7153227612053,3.59358928109055,1.69108795770419,
202526,Regional,England,South West,,Primary,94.927392260064,3.90495776407839,1.16764997585767,
202526,Regional,England,East Midlands,,Primary,94.9519199327135,3.68050064403837,1.36757942324816,
202526,Regional,England,Yorkshire and The Humber,,Primary,94.6375123385789,3.68554240385686,1.67694525756419,
202526,Regional,England,North East,,Primary,94.6859465421634,3.73677820911884,1.57727524871777,
202526,Regional,England,London,,Primary,94.7618889790283,3.66911298138033,1.56899803959138,
202526,Regional,England,West Midlands,,Primary,94.7205140688739,3.78220564381741,1.4972802873087,
202526,Regional,England,South East,,Primary,94.9589981813784,3.85576716228177,1.18523465633981,
202526,Regional,England,North West,,Primary,94.8052632334578,3.61855286219471,1.5761839043475,
202526,Regional,England,East of England,,Primary,94.9381273325337,3.84620716746856,1.21566549999779,
202526,National,England,,,Primary,94.8306300903343,3.75251426903406,1.41685564063162,
202526,Local authority,England,North West,Halton,Secondary,90.1962043759028,5.1318003365115,4.67199528758573,
202526,Local authority,England,London,Croydon,Secondary,92.3860038556073,4.37562422392616,3.23837192046654,
202526,Local authority,England,North East,Newcastle upon Tyne,Secondary,90.8380370535164,4.07809858376136,5.0838643627222,
202526,Local authority,England,West Midlands,Wolverhampton,Secondary,92.7007301692775,3.66574915620126,3.63352067452121,
202526,Local authority,England,London,Newham,Secondary,93.1124757917558,3.57862255287511,3.30890165536905,
202526,Local authority,England,London,Hounslow,Secondary,93.3979124277632,4.05822831195966,2.54385926027717,
202526,Local authority,England,South West,Devon,Secondary,90.5199054898681,6.52159815901446,2.95849635111744,
202526,Local authority,England,East of England,Cambridgeshire,Secondary,92.1621651989889,5.85535493761594,1.98247986339518,
202526,Local authority,England,West Midlands,Solihull,Secondary,91.9777090771476,5.34531020757405,2.67698071527838,
202526,Local authority,England,Yorkshire and The Humber,Kirklees,Secondary,92.6401281589127,4.70949286286424,2.65037897822304,
202526,Local authority,England,Yorkshire and The Humber,Bradford,Secondary,89.833862540714,5.07100976043075,5.0951276988553,
202526,Local authority,England,North West,Blackburn with Darwen,Secondary,91.5610676883694,5.04347796784939,3.39545434378119,
202526,Local authority,England,West Midlands,"Herefordshire, County of",Secondary,92.3959315531448,5.98349421130909,1.62057423554609,
202526,Local authority,England,South East,Bracknell Forest,Secondary,92.8915897590519,5.31293424398941,1.79547599695865,
202526,Local authority,England,North West,Cumberland,Secondary,91.3975146117359,5.76954596263723,2.83293942562684,
202526,Local authority,England,South East,Oxfordshire,Secondary,91.2312754345378,6.06558991819525,2.70313464726697,
202526,Local authority,England,South West,Wiltshire,Secondary,91.5765752808177,5.73403192343435,2.68939279574798,
202526,Local authority,England,North East,Stockton-on-Tees,Secondary,91.6031008984573,4.45421608334977,3.94268301819288,
202526,Local authority,England,East Midlands,North Northamptonshire,Secondary,91.491938855852,5.38175450150598,3.12630664264204,
202526,Local authority,England,North West,Cheshire East,Secondary,92.3672510054814,6.01795441817842,1.61479457634022,
202526,Local authority,England,South East,Reading,Secondary,92.3981178782668,4.80198038511688,2.79990173661634,
202526,Local authority,England,South East,Hampshire,Secondary,91.9803394035354,5.89725602592625,2.12240457053832,
202526,Local authority,England,West Midlands,Worcestershire,Secondary,92.0108871037732,6.01660022961608,1.9725126666107,
202526,Local authority,England,South East,Portsmouth,Secondary,90.9214593287813,5.34569029426838,3.73285037695033,
202526,Local authority,England,North West,Blackpool,Secondary,92.2374984894877,3.41231114341102,4.3501903671013,
202526,Local authority,England,North East,North Tyneside,Secondary,92.0665882414654,5.0929105496143,2.84050120892027,
202526,Local authority,England,South East,Wokingham,Secondary,93.3941598754061,4.97000556531043,1.6358345592835,
202526,Local authority,England,South West,Isles of Scilly,Secondary,c,c,c,
202526,Local authority,England,London,Richmond upon Thames,Secondary,93.6624742134094,3.84417851246153,2.49334727412908,
202526,Local authority,England,West Midlands,Staffordshire,Secondary,92.6785218306397,5.27562639986883,2.04585176949147,
202526,Local authority,England,Yorkshire and The Humber,Calderdale,Secondary,92.53450550117,4.85713467463835,2.60835982419167,
202526,Local authority,England,Yorkshire and The Humber,North Lincolnshire,Secondary,91.6253947822034,4.8752243715333,3.49938084626331,
202526,Local authority,England,West Midlands,Coventry,Secondary,91.5509636307295,4.89962440024927,3.54941196902125,
202526,Local authority,England,Yorkshire and The Humber,Doncaster,Secondary,91.8409510270567,4.40211217635071,3.75693679659262,
202526,Local authority,England,East of England,Thurrock,Secondary,93.0863912630853,3.92330391990008,2.9903048170146,
202526,Local authority,England,Yorkshire and The Humber,Wakefield,Secondary,90.849644426492,5.09610546026285,4.05425011324515,
202526,Local authority,England,South East,Isle of Wight,Secondary,90.3916736256798,7.57205124549361,2.03627512882661,
202526,Local authority,England,South East,Slough,Secondary,93.220596808192,4.8372208160076,1.94218237580038,
202526,Local authority,England,South East,Milton Keynes,Secondary,92.599120778382,5.01150369517142,2.38937552644659,
202526,Local authority,England,North West,Knowsley,Secondary,88.7819997233564,3.86747747147753,7.35052280516606,
202526,Local authority,England,London,Barking and Dagenham,Secondary,93.6797818982755,3.80545884780707,2.51475925391747,
202526,Local authority,England,Yorkshire and The Humber,Leeds,Secondary,91.602286152422,4.14017156257179,4.25754228500617,
202526,Local authority,England,North West,Salford,Secondary,90.9306683834825,4.4239575944059,4.64537402211159,
202526,Local authority,England,North West,Liverpool,Secondary,90.8315890037934,4.12287566103218,5.04553533517446,
202526,Local authority,England,London,Redbridge,Secondary,93.8154077420369,4.15021403510922,2.03437822285392,
202526,Local authority,England,East Midlands,Nottinghamshire,Secondary,92.0142427456212,4.93263315336369,3.05312410101515,
202526,Local authority,England,South East,West Sussex,Secondary,92.0388062422364,5.6025492099696,2.35864454779398,
202526,Local authority,England,London,Southwark,Secondary,93.3831067759209,3.88973960793283,2.72715361614626,
202526,Local authority,England,South West,Cornwall,Secondary,91.0149818525829,6.12230046612807,2.86271768128899,
202526,Local authority,England,London,Merton,Secondary,93.7879301020938,3.94923716453539,2.26283273337084,
202526,Local authority,England,North West,Bolton,Secondary,91.9792928357076,4.93002702653843,3.090680137754,
202526,Local authority,England,South West,"Bournemouth, Christchurch and Poole",Secondary,92.6052958958329,5.09542138838793,2.2992827157792,
202526,Local authority,England,North West,Sefton,Secondary,90.0903019908753,5.45392405239871,4.45577395672603,
202526,Local authority,England,London,Kingston upon Thames,Secondary,94.3073132953651,3.8732706336787,1.81941607095621,
202526,Local authority,England,London,Lewisham,Secondary,93.5339593383536,3.44731330821231,3.01872735343407,
202526,Local authority,England,North East,Redcar and Cleveland,Secondary,90.5018349173344,5.26850131287356,4.229663769792,
202526,Local authority,England,North East,Hartlepool,Secondary,90.6063328704838,4.39129842903428,5.00236870048191,
202526,Local authority,England,Yorkshire and The Humber,North East Lincolnshire,Secondary,89.9283561145281,5.62867272463381,4.44297116083808,
202526,Local authority,England,South West,"Bristol, City of",Secondary,89.9947133586448,6.54342660822258,3.46186003313263,
202526,Local authority,England,London,Hammersmith and Fulham,Secondary,93.6433104700723,4.22030644496478,2.13638308496297,
202526,Local authority,England,South West,Bath and North East Somerset,Secondary,91.8767015263399,5.84270633408078,2.28059213957928,
202526,Local authority,England,West Midlands,Stoke-on-Trent,Secondary,91.4749123966821,4.53640254639368,3.98868505692427,
202526,Local authority,England,East of England,Suffolk,Secondary,91.2903554176406,5.77454349331357,2.93510108904581,
202526,Local authority,England,North West,Stockport,Secondary,91.9341874489476,5.34954517018627,2.71626738086616,
202526,Local authority,England,South West,Plymouth,Secondary,90.7280533142468,6.06651654920036,3.20543013655278,
202526,Local authority,England,South East,Southampton,Secondary,90.0629603933297,5.68262105826928,4.25441854840103,
202526,Local authority,England,London,Kensington and Chelsea,Secondary,92.5599045729578,3.97394297863398,3.46615244840821,
202526,Local authority,England,West Midlands,Shropshire,Secondary,91.5422586057357,6.17814367963317,2.27959771463115,
202526,Local authority,England,London,Ealing,Secondary,93.3706478880065,4.15734980729078,2.4720023047027,
202526,Local authority,England,North East,Middlesbrough,Secondary,90.4233062364095,4.26297945395822,5.31371430963227,
202526,Local authority,England,West Midlands,Telford and Wrekin,Secondary,92.4786653432891,4.693215927634,2.8281187290769,
202526,Local authority,England,South West,Somerset,Secondary,90.7810457358289,6.34137971422125,2.87757454994988,
202526,Local authority,England,London,Bromley,Secondary,93.0840735285826,4.7971734374076,2.11875303400979,
202526,Local authority,England,London,Waltham Forest,Secondary,92.9400911408459,3.81677710332132,3.24313175583284,
202526,Local authority,England,South East,East Sussex,Secondary,91.1512849017792,5.7275186501873,3.12119644803354,
202526,Local authority,England,North West,Lancashire,Secondary,91.8945380950203,5.6800849167085,2.42537698827116,
202526,Local authority,England,Yorkshire and The Humber,North Yorkshire,Secondary,91.5813753200826,6.02225923601182,2.39636544390554,
202526,Local authority,England,London,Barnet,Secondary,94.094004767839,4.00345868225669,1.90253654990435,
202526,Local authority,England,West Midlands,Dudley,Secondary,91.8866195070849,4.88820787655256,3.22517261636259,
202526,Local authority,England,East of England,Essex,Secondary,91.89601629984,4.94570732216184,3.15827637799813,
202526,Local authority,England,South West,Dorset,Secondary,91.7069845439563,5.78558053271813,2.5074349233256,
202526,Local authority,England,Yorkshire and The Humber,Sheffield,Secondary,90.8605587778681,4.53720078164114,4.60224044049075,
202526,Local authority,England,London,Hillingdon,Secondary,92.3539482226398,5.06145261699117,2.58459916036898,
202526,Local authority,England,London,Greenwich,Secondary,92.712532316347,4.02163744466592,3.26583023898713,
202526,Local authority,England,East Midlands,Derbyshire,Secondary,91.8158013497974,5.47702976174496,2.70716888845761,
202526,Local authority,England,North West,St. Helens,Secondary,91.2901357365805,5.00594871103233,3.70391555238719,
202526,Local authority,England,London,Hackney,Secondary,92.6301732088689,4.16644897828625,3.20337781284486,
202526,Local authority,England,East Midlands,Nottingham,Secondary,91.8360722943168,3.87758694838434,4.28634075729881,
202526,Local authority,England,East Midlands,Leicester,Secondary,92.8361593881696,4.08420606934695,3.07963454248344,
202526,Local authority,England,South East,West Berkshire,Secondary,91.7925750948904,6.02346552434927,2.18395938076036,
202526,Local authority,England,West Midlands,Birmingham,Secondary,92.6988521102888,4.3390450301661,2.96210285954506,
202526,Local authority,England,London,Haringey,Secondary,93.0015895793363,4.47391266430939,2.52449775635435,
202526,Local authority,England,North West,Trafford,Secondary,93.9884301604177,4.75812428694757,1.25344555263472,
202526,Local authority,England,North West,Warrington,Secondary,92.7090918178908,4.796256694365,2.49465148774424,
202526,Local authority,England,London,Sutton,Secondary,94.0784000011918,4.2589071104189,1.66269288838934,
202526,Local authority,England,North West,Cheshire West and Chester,Secondary,91.0749184638833,6.0238014388262,2.90128009729055,
202526,Local authority,England,South West,South Gloucestershire,Secondary,91.3228158308936,6.07607995367841,2.60110421542803,
202526,Local authority,England,North West,Wigan,Secondary,92.0126857744698,5.17786523286337,2.80944899266681,
202526,Local authority,England,South West,North Somerset,Secondary,91.2373253481317,6.15864532852034,2.60402932334792,
202526,Local authority,England,North East,Northumberland,Secondary,91.3743211831066,5.64920875874362,2.97647005814981,
202526,Local authority,England,East Midlands,Lincolnshire,Secondary,92.2183428273814,5.57925069480407,2.20240647781449,
202526,Local authority,England,North West,Rochdale,Secondary,91.6022890560991,4.33813455987641,4.05957638402448,
202526,Local authority,England,London,Bexley,Secondary,93.3024580106534,4.62417830660668,2.07336368273988,
202526,Local authority,England,East Midlands,West Northamptonshire,Secondary,92.2870792274919,5.03030638160595,2.68261439090219,
202526,Local authority,England,South East,Surrey,Secondary,93.0422687865051,5.04934305164255,1.90838816185232,
202526,Local authority,England,North East,Sunderland,Secondary,90.4175785189937,4.69028647804645,4.89213500295987,
202526,Local authority,England,North West,Tameside,Secondary,91.3137679650761,4.29067484905866,4.39555718586522,
202526,Local authority,England,North East,Gateshead,Secondary,91.1690390150937,4.92385298791488,3.90710799699144,
202526,Local authority,England,North West,Bury,Secondary,91.5121186044427,5.13190648256359,3.35597491299374,
202526,Local authority,England,West Midlands,Walsall,Secondary,91.873584568147,3.93656484381339,4.18985058803959,
202526,Local authority,England,North East,South Tyneside,Secondary,90.12525986983,7.0224228051664,2.85231732500357,
202526,Local authority,England,North West,Manchester,Secondary,92.6842145881401,3.622348008051,3.69343740380888,
202526,Local authority,England,South East,Windsor and Maidenhead,Secondary,92.5223267446471,5.50075809172446,1.97691516362842,
202526,Local authority,England,East of England,Peterborough,Secondary,92.4038792495519,5.17063977217338,2.42548097827477,
202526,Local authority,England,South East,Medway,Secondary,92.3878899246029,5.02646311684392,2.58564695855319,
202526,Local authority,England,West Midlands,Warwickshire,Secondary,91.3700310467652,5.93766513414524,2.69230381908956,
202526,Local authority,England,East Midlands,Derby,Secondary,91.772547666758,5.35228930755433,2.87516302568763,
202526,Local authority,England,Yorkshire and The Humber,Barnsley,Secondary,90.0638246584805,5.6759963158709,4.26017902564859,
202526,Local authority,England,London,Wandsworth,Secondary,93.0929745116196,4.27059110596925,2.63643438241115,
202526,Local authority,England,London,Tower Hamlets,Secondary,93.5851918532688,3.8879711938787,2.52683695285248,
202526,Local authority,England,East Midlands,Rutland,Secondary,92.5632603669209,5.153964172267,2.28277546081207,
202526,Local authority,England,London,Islington,Secondary,91.987073646662,3.46601093089169,4.54691542244629,
202526,Local authority,England,East Midlands,Leicestershire,Secondary,91.8218648449051,5.79176665120381,2.38636850389108,
202526,Local authority,England,East of England,Southend-on-Sea,Secondary,92.891577919764,4.75847582685396,2.34994625338199,
202526,Local authority,England,East of England,Bedford,Secondary,92.288943287346,5.32380907850924,2.38724763414473,
202526,Local authority,England,East of England,Hertfordshire,Secondary,92.7099440926183,5.37315388541547,1.91690202196624,
202526,Local authority,England,London,Lambeth,Secondary,92.7524597748634,4.27781489890968,2.96972532622694,
202526,Local authority,England,South East,Brighton and Hove,Secondary,90.0389047543029,6.88957080606157,3.07152443963555,
202526,Local authority,England,East of England,Central Bedfordshire,Secondary,92.8662070796785,5.27837493265338,1.85541798766808,
202526,Local authority,England,East of England,Norfolk,Secondary,91.4643368015399,5.95239383753614,2.58326936092398,
202526,Local authority,England,South West,Gloucestershire,Secondary,91.9865767646203,6.10652271090918,1.90690052447052,
202526,Local authority,England,London,Camden,Secondary,90.8822440116995,5.81430191517779,3.30345407312272,
202526,Local authority,England,South West,Swindon,Secondary,92.0413212479752,5.09347227299447,2.86520647903028,
202526,Local authority,England,North East,County Durham,Secondary,91.7501004778279,5.31045072464266,2.93944879752945,
202526,Local authority,England,London,Havering,Secondary,93.202771970842,4.68696249091342,2.11026553824457,
202526,Local authority,England,Yorkshire and The Humber,East Riding of Yorkshire,Secondary,92.1291399054203,5.29269604679244,2.5781640477873,
202526,Local authority,England,North West,Westmorland and Furness,Secondary,91.7512800507507,6.26670588369506,1.98201406555427,
202526,Local authority,England,London,Brent,Secondary,93.6546847530543,4.05333709842929,2.29197814851647,
202526,Local authority,England,London,Westminster,Secondary,93.31133901213,4.06347065912323,2.62519032874679,
202526,Local authority,England,West Midlands,Sandwell,Secondary,92.3140072735189,4.15181809959508,3.53417462688598,
202526,Local authority,England,Yorkshire and The Humber,"Kingston upon Hull, City of",Secondary,91.5298079380721,4.20724123536796,4.26295082655994,
202526,Local authority,England,North East,Darlington,Secondary,91.7228178743614,5.18059053512749,3.09659159051114,
202526,Local authority,England,Yorkshire and The Humber,York,Secondary,90.5541894102755,5.39705212810134,4.04875846162313,
202526,Local authority,England,North West,Wirral,Secondary,91.2549285027887,5.3644777463134,3.38059375089791,
202526,Local authority,England,North West,Oldham,Secondary,92.2460939668862,3.98244644820272,3.77145958491111,
202526,Local authority,England,London,Enfield,Secondary,93.2022398627039,4.00519260901886,2.79256752827725,
202526,Local authority,England,London,Harrow,Secondary,93.6385730473902,4.40608763484598,1.95533931776378,
202526,Local authority,England,South West,Torbay,Secondary,90.9596325294728,6.45156196779294,2.5888055027343,
202526,Local authority,England,South East,Buckinghamshire,Secondary,92.6854238438137,5.63803476432915,1.67654139185712,
202526,Local authority,England,South East,Kent,Secondary,92.1654424480309,5.21707298003925,2.61748457192986,
202526,Local authority,England,East of England,Luton,Secondary,93.2509922437137,4.25897492851138,2.49003282777497,
202526,Local authority,England,Yorkshire and The Humber,Rotherham,Secondary,91.2352674997389,4.13735250095722,4.62737999930384,
202526,Regional,England,North West,,Secondary,91.7382404357439,4.99503857936952,3.26672098488658,
202526,Regional,England,Yorkshire and The Humber,,Secondary,91.2921990280423,4.85473109341082,3.85306987854684,
202526,Regional,England,London,,Secondary,93.2616840504763,4.16285206681253,2.57546388271118,
202526,Regional,England,South West,,Secondary,91.2747288276723,6.03756219920626,2.68770897312146,
202526,Regional,England,North East,,Secondary,91.1579039461236,5.03755684188039,3.80453921199605,
202526,Regional,England,West Midlands,,Secondary,92.1814772138114,4.95333780757498,2.86518497861359,
202526,Regional,England,South East,,Secondary,92.0817554810099,5.51508646236578,2.40315805662432,
202526,Regional,England,East of England,,Secondary,92.185897468035,5.30928543138326,2.50481710058173,
202526,Regional,England,East Midlands,,Secondary,92.005722103323,5.18151410257209,2.81276379410487,
202526,National,England,,,Secondary,92.0186279026307,5.09250002483403,2.88887207253527,
202526,Local authority,England,South West,Swindon,Special,88.700039931753,7.56380005082223,3.73616001742477,
202526,Local authority,England,North East,South Tyneside,Special,89.2108213412729,8.06822149932918,2.72095715939792,
202526,Local authority,England,South East,Kent,Special,85.6706597601989,10.8505321550529,3.47880808474826,
202526,Local authority,England,East Midlands,Leicester,Special,81.1162691153315,13.5459608750376,5.33777000963092,
202526,Local authority,England,London,Greenwich,Special,86.6068831798352,11.843189529811,1.54992729035385,
202526,Local authority,England,London,Hackney,Special,89.5216938562999,8.73724401249566,1.74106213120444,
202526,Local authority,England,East Midlands,Derby,Special,85.689078944637,10.75775503567,3.55316601969291,
202526,Local authority,England,Yorkshire and The Humber,Calderdale,Special,89.2075673312772,9.86108750030357,0.931345168419263,
202526,Local authority,England,South West,Somerset,Special,82.551199283978,14.1123074234328,3.33649329258928,
202526,Local authority,England,North East,County Durham,Special,87.1724128223085,8.92838918781958,3.89919798987194,
202526,Local authority,England,Yorkshire and The Humber,Bradford,Special,85.5534845002624,9.99565681608426,4.45085868365334,
202526,Local authority,England,East Midlands,Derbyshire,Special,89.5985528421346,7.92557473834869,2.47587241951675,
202526,Local authority,England,North West,Bury,Special,85.4788546508292,11.9848510931313,2.53629425603948,
202526,Local authority,England,North East,Redcar and Cleveland,Special,87.1994075844777,9.87489119561405,2.92570121990828,
202526,Local authority,England,East of England,Hertfordshire,Special,87.2746682439974,9.98235631334053,2.74297544266207,
202526,Local authority,England,North West,Stockport,Special,86.6141579278048,10.3532033137505,3.03263875844469,
202526,Local authority,England,London,Richmond upon Thames,Special,90.3304245514266,7.43014020982449,2.2394352387489,
202526,Local authority,England,London,Hounslow,Special,89.8294118915655,7.31882651484109,2.85176159359342,
202526,Local authority,England,North West,Cheshire West and Chester,Special,88.5559223409612,8.70027415654898,2.74380350248979,
202526,Local authority,England,West Midlands,Staffordshire,Special,90.1163213457051,7.42041605979345,2.46326259450145,
202526,Local authority,England,West Midlands,Walsall,Special,89.2769433920352,7.49404548876356,3.22901111920129,
202526,Local authority,England,London,Bexley,Special,86.9504545774896,9.26421876101205,3.78532666149834,
