time_period,geographic_level,country_name,region_name,la_name,school_type,attendance_perc,authorised_absence_perc,unauthorised_absence_perc,pa_perc
202526,Local authority,England,West Midlands,Telford and Wrekin,Primary,95.1743349776121,3.58538088904256,1.24028413334531,
202526,Local authority,England,Yorkshire and The Humber,Leeds,Primary,94.6410604079163,3.53841014057207,1.82052945151159,
202526,Local authority,England,North East,Newcastle upon Tyne,Primary,94.8239812307833,3.43064988603858,1.74536888317807,
202526,Local authority,England,South East,Buckinghamshire,Primary,95.2993348938916,3.70824108001216,0.992424026096285,
202526,Local authority,England,North West,Blackpool,Primary,94.4631692373232,3.08960688858197,2.44722387409486,
202526,Local authority,England,North West,Rochdale,Primary,94.7982099830439,3.33230752235084,1.86948249460521,
202526,Local authority,England,North East,Hartlepool,Primary,94.7289832077039,3.66089128028216,1.61012551201395,
202526,Local authority,England,West Midlands,Solihull,Primary,95.1004652397622,3.73498098477248,1.16455377546536,
202526,Local authority,England,South West,Dorset,Primary,94.9129086281525,3.79916198000526,1.28792939184226,
202526,Local authority,England,London,Lambeth,Primary,94.8014439523788,3.4307094310344,1.76784661658681,
202526,Local authority,England,East Midlands,North Northamptonshire,Primary,94.8122640907547,3.86993759666998,1.31779831257533,
202526,Local authority,England,East of England,Luton,Primary,95.4513750319085,3.35210092795329,1.1965240401382,
202526,Local authority,England,North East,North Tyneside,Primary,95.1325705750901,3.43504868427053,1.43238074063939,
202526,Local authority,England,North West,Wigan,Primary,94.870781110018,3.74321633806716,1.38600255191487,
202526,Local authority,England,South West,Swindon,Primary,95.6274403916862,3.40262586672798,0.969933741585857,
202526,Local authority,England,South West,Devon,Primary,95.2129322222155,3.80273232418259,0.984335453601928,
202526,Local authority,England,London,Southwark,Primary,95.1687217591336,3.5455834184383,1.28569482242808,
202526,Local authority,England,North West,St. Helens,Primary,95.2064881620059,3.32107838800879,1.47243344998532,
202526,Local authority,England,London,Redbridge,Primary,94.8292874561918,3.74059366589436,1.4301188779138,
202526,Local authority,England,South East,Southampton,Primary,94.585608888865,3.87041378549261,1.54397732564243,
202526,Local authority,England,London,Kingston upon Thames,Primary,95.9364405683083,2.97335300156138,1.09020643013035,
202526,Local authority,England,North West,Blackburn with Darwen,Primary,95.1697851421554,3.38799469998711,1.44222015785746,
202526,Local authority,England,South West,"Bournemouth, Christchurch and Poole",Primary,95.5654069356881,3.4185517940753,1.01604127023658,
202526,Local authority,England,East of England,Essex,Primary,95.0315371954377,3.67677939433775,1.2916834102245,
202526,Local authority,England,South East,West Berkshire,Primary,95.5442788063545,3.65089089786211,0.804830295783346,
202526,Local authority,England,West Midlands,Wolverhampton,Primary,94.5940388776683,3.66445719004216,1.7415039322895,
202526,Local authority,England,East Midlands,Leicester,Primary,95.0659643941342,3.45518848808725,1.47884711777855,
202526,Local authority,England,London,Camden,Primary,94.9070464062574,3.99614602665628,1.09680756708637,
202526,Local authority,England,London,Brent,Primary,95.364907812451,3.41883166123988,1.2162605263091,
202526,Local authority,England,North East,Middlesbrough,Primary,94.722746844566,3.28312974701088,1.99412340842311,
202526,Local authority,England,London,Bexley,Primary,95.3766308986709,3.33089460634882,1.29247449498029,
202526,Local authority,England,Yorkshire and The Humber,East Riding of Yorkshire,Primary,95.3288788425133,3.37910709618499,1.29201406130168,
202526,Local authority,England,London,Harrow,Primary,95.7068829364736,3.46390027302718,0.829216790499192,
202526,Local authority,England,London,Islington,Primary,94.4723239209415,3.69131282526056,1.83636325379792,
202526,Local authority,England,North West,Manchester,Primary,94.6576905019771,3.55724593098048,1.78506356704242,
202526,Local authority,England,North West,Lancashire,Primary,94.9325935516887,3.77419953457176,1.29320691373955,
202526,Local authority,England,East Midlands,Derby,Primary,94.5634757090541,3.61364687882017,1.82287741212574,
202526,Local authority,England,North West,Westmorland and Furness,Primary,95.5685966286121,3.39364869644901,1.03775467493893,
202526,Local authority,England,Yorkshire and The Humber,North Yorkshire,Primary,95.132986298679,3.74114816088003,1.125865540441,
202526,Local authority,England,East of England,Central Bedfordshire,Primary,95.3905326864996,3.51540405836197,1.09406325513841,
202526,Local authority,England,East Midlands,Rutland,Primary,95.9120761859595,3.36595259973154,0.721971214309004,
202526,Local authority,England,North West,Liverpool,Primary,94.6670335860426,3.02494018180597,2.30802623215144,
202526,Local authority,England,North East,Northumberland,Primary,94.683473562315,3.71080473940643,1.60572169827858,
202526,Local authority,England,West Midlands,Worcestershire,Primary,95.1975725414398,3.66279664710273,1.13963081145745,
202526,Local authority,England,London,Croydon,Primary,94.7917794857133,3.72082541497788,1.48739509930879,
202526,Local authority,England,North West,Tameside,Primary,95.0768899805679,3.29718942022955,1.62592059920252,
202526,Local authority,England,South West,Cornwall,Primary,94.9816819467592,3.82690103577464,1.19141701746615,
202526,Local authority,England,North West,Halton,Primary,94.5222423883834,3.92616592698775,1.5515916846288,
202526,Local authority,England,West Midlands,Sandwell,Primary,94.7953924441988,3.50247783735662,1.70212971844462,
202526,Local authority,England,North West,Sefton,Primary,94.9524884202036,3.64295837865401,1.40455320114237,
202526,Local authority,England,London,Bromley,Primary,95.4532838565193,3.46390716258001,1.08280898090063,
202526,Local authority,England,West Midlands,Staffordshire,Primary,95.2840291176495,3.76558846843913,0.950382413911403,
202526,Local authority,England,London,Haringey,Primary,95.0593360846784,3.43170607709064,1.50895783823092,
202526,Local authority,England,London,Greenwich,Primary,95.184058578168,3.06779475783683,1.74814666399519,
202526,Local authority,England,West Midlands,Shropshire,Primary,95.3333430065439,3.76679823900869,0.899858754447384,
202526,Local authority,England,North East,Stockton-on-Tees,Primary,94.9739781763476,3.37740314166813,1.64861868198425,
202526,Local authority,England,East of England,Suffolk,Primary,95.2174824140425,3.60898736560264,1.17353022035489,
202526,Local authority,England,London,City of London,Primary,c,c,c,
202526,Local authority,England,North East,Redcar and Cleveland,Primary,94.6759732513433,3.31212125422538,2.01190549443133,
202526,Local authority,England,West Midlands,Dudley,Primary,94.770619442006,3.66257013091103,1.56681042708294,
202526,Local authority,England,North West,Cheshire West and Chester,Primary,95.1558923157466,3.67937359698043,1.16473408727294,
202526,Local authority,England,North West,Bury,Primary,94.8405910177013,3.89252450382796,1.26688447847077,
202526,Local authority,England,North West,Bolton,Primary,94.8221975815302,3.7129203610003,1.46488205746946,
202526,Local authority,England,North West,Oldham,Primary,94.8677456233709,3.35942664710018,1.7728277295289,
202526,Local authority,England,North West,Trafford,Primary,95.9993659563436,3.10509512325895,0.895538920397442,
202526,Local authority,England,South West,North Somerset,Primary,95.3341793438971,3.61461633214085,1.05120432396206,
202526,Local authority,England,East Midlands,Lincolnshire,Primary,95.3585671917916,3.53670262616591,1.10473018204243,
202526,Local authority,England,Yorkshire and The Humber,Calderdale,Primary,94.7654699730957,4.00861911544502,1.22591091145928,
202526,Local authority,England,South East,Oxfordshire,Primary,95.4555798789325,3.59787844779002,0.946541673277456,
202526,Local authority,England,West Midlands,Coventry,Primary,94.71056473574,3.81843036356332,1.47100490069674,
202526,Local authority,England,North West,Salford,Primary,94.4464304095975,3.58825951469666,1.96531007570582,
202526,Local authority,England,North West,Wirral,Primary,94.5743074126653,3.8735092561218,1.55218333121292,
202526,Local authority,England,Yorkshire and The Humber,York,Primary,95.0665073012231,3.69090687696069,1.24258582181619,
202526,Local authority,England,London,Wandsworth,Primary,95.2625187399883,3.43770684271611,1.29977441729561,
202526,Local authority,England,London,Hillingdon,Primary,94.5309350359557,3.91313281892136,1.55593214512293,
202526,Local authority,England,East of England,Thurrock,Primary,95.3144888957365,3.15304390007276,1.53246720419074,
202526,Local authority,England,South West,Somerset,Primary,95.0525572700116,3.74347495035427,1.20396777963412,
202526,Local authority,England,Yorkshire and The Humber,Rotherham,Primary,94.5844664710513,3.56902597867316,1.84650755027553,
202526,Local authority,England,East of England,Southend-on-Sea,Primary,94.9554169073542,3.7231741738371,1.32140891880867,
202526,Local authority,England,Yorkshire and The Humber,Barnsley,Primary,94.6668551953871,3.52644011336676,1.8067046912461,
202526,Local authority,England,North East,Sunderland,Primary,94.8073555252479,3.58518432570255,1.60746014904959,
202526,Local authority,England,London,Barking and Dagenham,Primary,95.1069600664063,3.49170124574974,1.40133868784398,
202526,Local authority,England,London,Tower Hamlets,Primary,94.3540883052121,4.27087406943921,1.3750376253487,
202526,Local authority,England,South East,Brighton and Hove,Primary,94.8944951195473,4.00666410107622,1.09884077937651,
202526,Local authority,England,North West,Stockport,Primary,95.2699823057572,3.56372331975172,1.1662943744911,
202526,Local authority,England,West Midlands,Stoke-on-Trent,Primary,94.9301189162848,3.52859427911373,1.54128680460144,
202526,Local authority,England,East of England,Peterborough,Primary,95.2450958576253,3.60960702576807,1.14529711660659,
202526,Local authority,England,North West,Warrington,Primary,95.6416643913333,3.23124509153826,1.12709051712846,
202526,Local authority,England,South West,Plymouth,Primary,95.120511113255,3.6629642692022,1.21652461754282,
202526,Local authority,England,North East,Darlington,Primary,94.4023045831131,4.14045848499962,1.45723693188726,
202526,Local authority,England,Yorkshire and The Humber,Wakefield,Primary,94.7578104738958,3.83718982244539,1.40499970365884,
202526,Local authority,England,East Midlands,West Northamptonshire,Primary,95.4348684531618,3.43836473429594,1.12676681254224,
202526,Local authority,England,Yorkshire and The Humber,North East Lincolnshire,Primary,94.5770551509726,3.42597090048725,1.9969739485402,
202526,Local authority,England,North East,South Tyneside,Primary,94.7194187647349,4.07017070633116,1.2104105289339,
202526,Local authority,England,London,Havering,Primary,95.3849319558294,3.62736585642339,0.987702187747203,
202526,Local authority,England,East Midlands,Nottingham,Primary,94.5390953675154,3.13065860683619,2.3302460256484,
202526,Local authority,England,Yorkshire and The Humber,Kirklees,Primary,94.9584033123346,3.77143681755323,1.27015987011213,
202526,Local authority,England,East Midlands,Derbyshire,Primary,95.1454902276988,3.77307008929986,1.08143968300135,
202526,Local authority,England,Yorkshire and The Humber,Doncaster,Primary,94.8960322791149,3.35814503451249,1.74582268637261,
202526,Local authority,England,East of England,Bedford,Primary,95.6178126057607,3.43835297869377,0.943834415545538,
202526,Local authority,England,London,Newham,Primary,94.1547474425431,3.20967023785311,2.63558231960378,
202526,Local authority,England,North East,Gateshead,Primary,95.1528892574916,3.52773064829847,1.31938009420989,
202526,Local authority,England,London,Richmond upon Thames,Primary,96.2008084195182,2.8427737428172,0.956417837664589,
202526,Local authority,England,South West,"Bristol, City of",Primary,94.7090130355073,3.74378102971527,1.5472059347774,
202526,Local authority,England,South West,Torbay,Primary,94.7522519957636,4.05222580314539,1.19552220109098,
202526,Local authority,England,South East,Hampshire,Primary,95.765149244581,3.38781384822193,0.847036907197124,
202526,Local authority,England,West Midlands,Warwickshire,Primary,95.1384720527257,3.8296940551459,1.03183389212842,
202526,Local authority,England,South East,Windsor and Maidenhead,Primary,95.8033241283303,3.24305958604337,0.953616285626357,
202526,Local authority,England,South East,Isle of Wight,Primary,94.3829272660922,4.27128065703309,1.3457920768747,
202526,Local authority,England,London,Merton,Primary,95.7508310044668,3.23053642940121,1.01863256613199,
202526,Local authority,England,South West,Bath and North East Somerset,Primary,95.6329181771731,3.47341495610696,0.893666866719927,
202526,Local authority,England,North West,Cumberland,Primary,95.2923822762886,3.59338564815857,1.11423207555282,
202526,Local authority,England,South East,Reading,Primary,95.1339060442333,3.3791891792101,1.4869047765566,
202526,Local authority,England,London,Ealing,Primary,95.4793044133267,3.32408137259499,1.19661421407831,
202526,Local authority,England,London,Hammersmith and Fulham,Primary,95.4248342230163,3.43210208975427,1.14306368722944,
202526,Local authority,England,South East,Bracknell Forest,Primary,95.9996105556178,3.176903016833,0.823486427549212,
202526,Local authority,England,London,Lewisham,Primary,95.2070696867717,3.35184354844273,1.44108676478559,
202526,Local authority,England,Yorkshire and The Humber,"Kingston upon Hull, City of",Primary,94.7190186352675,3.44087821233206,1.84010315240041,
202526,Local authority,England,East of England,Cambridgeshire,Primary,95.359107417753,3.75048668334535,0.890405898901643,
202526,Local authority,England,West Midlands,"Herefordshire, County of",Primary,95.7840325586097,3.524343737538,0.691623703852286,
202526,Local authority,England,South East,Medway,Primary,94.5158486885787,3.98181123931808,1.50234007210324,
202526,Local authority,England,London,Sutton,Primary,95.4611162335211,3.44845316851249,1.09043059796638,
202526,Local authority,England,North West,Cheshire East,Primary,95.4948453924068,3.6408511374107,0.864303470182517,
202526,Local authority,England,Yorkshire and The Humber,North Lincolnshire,Primary,94.7131544647665,3.64316753065844,1.64367800457506,
202526,Local authority,England,London,Enfield,Primary,95.0423589891046,3.52248635893738,1.43515465195798,
202526,Local authority,England,South West,South Gloucestershire,Primary,95.3358298744662,3.47330526350476,1.19086486202903,
202526,Local authority,England,East Midlands,Leicestershire,Primary,95.4327882292998,3.61725309142237,0.949958679277785,
202526,Local authority,England,South East,Kent,Primary,94.8549053549817,3.70133544876435,1.44375919625393,
202526,Local authority,England,North East,County Durham,Primary,94.5983615480921,3.91042948124762,1.49120897066028,
202526,Local authority,England,Yorkshire and The Humber,Sheffield,Primary,94.5319214277303,3.64499317676452,1.82308539550521,
202526,Local authority,England,East of England,Hertfordshire,Primary,95.4942886447365,3.56416875619551,0.941542599067964,
202526,Local authority,England,South East,West Sussex,Primary,95.2560494309995,3.75621196646431,0.987738602536185,
202526,Local authority,England,Yorkshire and The Humber,Bradford,Primary,94.1029491629289,3.9523253789302,1.94472545814087,
202526,Local authority,England,South West,Wiltshire,Primary,95.6256269564751,3.47326754593687,0.901105497588036,
202526,Local authority,England,West Midlands,Walsall,Primary,94.7087132668219,3.33400341667213,1.95728331650596,
202526,Local authority,England,London,Hackney,Primary,94.8974339792982,3.73186480709609,1.37070121360573,
202526,Local authority,England,London,Kensington and Chelsea,Primary,94.5978467069088,4.1449315291302,1.25722176396097,
202526,Local authority,England,London,Barnet,Primary,95.6819749889755,3.41244953150068,0.905575479523832,
202526,Local authority,England,London,Hounslow,Primary,95.0569286170889,3.48173567210872,1.46133571080243,
202526,Local authority,England,South East,Wokingham,Primary,96.096511913567,3.14645075940204,0.757037327030929,
202526,Local authority,England,London,Waltham Forest,Primary,95.2117793008371,3.15765127060267,1.6305694285602,
202526,Local authority,England,North West,Knowsley,Primary,93.5669873398323,3.60228668431511,2.83072597585263,
202526,Local authority,England,South East,Portsmouth,Primary,95.2989201827728,3.39985979142985,1.30122002579732,
202526,Local authority,England,South East,East Sussex,Primary,94.53513038302,4.05147650433234,1.41339311264765,
202526,Local authority,England,South East,Slough,Primary,94.5847375289791,4.17529492116731,1.23996754985362,
202526,Local authority,England,South East,Milton Keynes,Primary,95.668010233335,3.36509697362517,0.966892793039837,
202526,Local authority,England,West Midlands,Birmingham,Primary,94.5058863908754,3.81735997448281,1.67675363464174,
202526,Local authority,England,South East,Surrey,Primary,95.6465157047294,3.47713188289998,0.87635241237063,
202526,Local authority,England,East of England,Norfolk,Primary,95.0331777720248,3.69148855536667,1.27533367260858,
202526,Local authority,England,East Midlands,Nottinghamshire,Primary,95.2499360489362,3.39765893397607,1.35240501708769,
202526,Local authority,England,London,Westminster,Primary,94.5971915813295,3.75149296398627,1.65131545468424,
202526,Local authority,England,South West,Gloucestershire,Primary,95.397257544073,3.67476810841664,0.927974347510319,
202526,Regional,England,South East,,Primary,95.2757832721667,3.62999473448655,1.09422199334671,
202526,Regional,England,North East,,Primary,94.7828669273418,3.62939647752911,1.58773659512906,
202526,Regional,England,East of England,,Primary,95.24531635611,3.60814116174395,1.14654248214604,
202526,Regional,England,East Midlands,,Primary,95.1437777417847,3.56074399275017,1.29547826546512,
202526,Regional,England,London,,Primary,95.1337617807643,3.48738140769218,1.37885681154355,
202526,Regional,England,North West,,Primary,94.9520861137336,3.54421927755086,1.50369460871559,
202526,Regional,England,South West,,Primary,95.2313068115529,3.66433607735236,1.10435711109478,
202526,Regional,England,West Midlands,,Primary,94.9192736053161,3.70117227067741,1.37955412400645,
202526,Regional,England,Yorkshire and The Humber,,Primary,94.7194137924662,3.65487288680577,1.62571332072802,
202526,National,England,,,Primary,95.0709030718441,3.60253767066559,1.32655925749031,
202526,Local authority,England,South West,Somerset,Secondary,91.1005484004689,6.15142124449016,2.7480303550409,
202526,Local authority,England,South East,Buckinghamshire,Secondary,93.0983808560319,5.35767083638991,1.54394830757822,
202526,Local authority,England,London,Harrow,Secondary,94.0091745034391,4.26062530659959,1.73020018996128,
202526,Local authority,England,North West,Rochdale,Secondary,91.9741808402727,4.33735934514402,3.68845981458328,
202526,Local authority,England,South East,Medway,Secondary,92.6207398486089,5.03316833866801,2.34609181272306,
202526,Local authority,England,West Midlands,Worcestershire,Secondary,92.2992837162325,5.84517933725504,1.85553694651248,
202526,Local authority,England,South West,Devon,Secondary,91.006467459199,6.19982072739506,2.79371181340592,
202526,Local authority,England,Yorkshire and The Humber,Rotherham,Secondary,91.4172618765127,4.15480201857213,4.42793610491513,
202526,Local authority,England,North West,Cheshire West and Chester,Secondary,91.3669580839444,5.89599785057294,2.73704406548267,
202526,Local authority,England,East of England,Bedford,Secondary,92.6935512620307,5.10003429990903,2.20641443806026,
202526,Local authority,England,Yorkshire and The Humber,"Kingston upon Hull, City of",Secondary,91.8008964727355,4.20402422934561,3.99507929791893,
202526,Local authority,England,South East,Portsmouth,Secondary,91.426404938709,5.09751091180588,3.47608414948514,
202526,Local authority,England,South East,Isle of Wight,Secondary,90.8043954125972,7.24370395688947,1.95190063051336,
202526,Local authority,England,East Midlands,Rutland,Secondary,92.7564379449539,5.18360611927173,2.05995593577437,
202526,Local authority,England,Yorkshire and The Humber,Calderdale,Secondary,92.7227541104902,4.73108398795867,2.54616190155111,
202526,Local authority,England,South East,Oxfordshire,Secondary,91.657161892471,5.78992218256492,2.55291592496408,
202526,Local authority,England,London,Croydon,Secondary,92.6754823668634,4.39338759982249,2.9311300333141,
202526,Local authority,England,East Midlands,Leicestershire,Secondary,92.0723388252522,5.69025051159593,2.23741066315191,
202526,Local authority,England,East Midlands,Nottinghamshire,Secondary,92.2220737979032,4.84768861772131,2.93023758437552,
202526,Local authority,England,London,Wandsworth,Secondary,93.4941233443275,4.0218225921854,2.48405406348708,
202526,Local authority,England,West Midlands,Dudley,Secondary,92.1993455398788,4.85872635830975,2.94192810181148,
202526,Local authority,England,North East,Newcastle upon Tyne,Secondary,91.0975124576566,4.11661647213442,4.78587107020901,
202526,Local authority,England,North East,Stockton-on-Tees,Secondary,91.878018821614,4.34110253275564,3.78087864563038,
202526,Local authority,England,West Midlands,Telford and Wrekin,Secondary,92.8407912020225,4.51554108902118,2.64366770895628,
202526,Local authority,England,Yorkshire and The Humber,Sheffield,Secondary,91.0757014572497,4.51541056737826,4.40888797537202,
202526,Local authority,England,South West,"Bournemouth, Christchurch and Poole",Secondary,93.0507644931502,4.80807638528885,2.14115912156092,
202526,Local authority,England,Yorkshire and The Humber,York,Secondary,90.9416839244964,5.27144257869351,3.78687349681005,
202526,Local authority,England,South East,Milton Keynes,Secondary,92.9154154595827,4.86846672398477,2.21611781643248,
202526,Local authority,England,North West,Halton,Secondary,90.4991645921264,5.08592287407149,4.41491253380215,
202526,Local authority,England,West Midlands,Birmingham,Secondary,92.9902558747238,4.27660258547147,2.73314153980475,
202526,Local authority,England,West Midlands,Shropshire,Secondary,92.0829688940024,5.87521205966434,2.0418190463332,
202526,Local authority,England,London,Barking and Dagenham,Secondary,93.9796833910125,3.7691841097987,2.25113249918877,
202526,Local authority,England,London,Newham,Secondary,93.4266294213571,3.4773054676017,3.09606511104124,
202526,Local authority,England,North West,Tameside,Secondary,91.5721952525641,4.32024819846564,4.1075565489703,
202526,Local authority,England,London,Ealing,Secondary,93.867413752368,3.92163175789726,2.21095448973475,
202526,Local authority,England,London,Islington,Secondary,92.5697641153676,3.20717400377227,4.22306188086012,
202526,Local authority,England,West Midlands,Solihull,Secondary,92.2766396592232,5.21765145027776,2.50570889049909,
202526,Local authority,England,West Midlands,Walsall,Secondary,91.821682066446,4.06421119297191,4.11410674058211,
202526,Local authority,England,East of England,Peterborough,Secondary,92.8141516979758,4.90556716172375,2.28028114030044,
202526,Local authority,England,London,Westminster,Secondary,93.7936241260254,3.85190401871641,2.35447185525817,
202526,Local authority,England,London,Southwark,Secondary,93.8838790027803,3.74748630090281,2.36863469631684,
202526,Local authority,England,South West,Bath and North East Somerset,Secondary,92.2197058444826,5.64004774359384,2.14024641192358,
202526,Local authority,England,East of England,Thurrock,Secondary,93.3298126168923,3.8510522066049,2.81913517650277,
202526,Local authority,England,South East,Reading,Secondary,92.8159002950655,4.5856024451366,2.59849725979792,
202526,Local authority,England,London,Hillingdon,Secondary,92.845451039763,4.76028041837283,2.39426854186414,
202526,Local authority,England,London,Brent,Secondary,94.0190896296024,3.86158182300635,2.11932854739122,
202526,Local authority,England,North East,Redcar and Cleveland,Secondary,90.9513596459551,5.12467041185565,3.92396994218927,
202526,Local authority,England,East of England,Suffolk,Secondary,91.7756860384167,5.48615402921035,2.73815993237291,
202526,Local authority,England,London,Kensington and Chelsea,Secondary,92.8103450056635,3.96338209523547,3.22627289910108,
202526,Local authority,England,South East,West Berkshire,Secondary,92.1834345277728,5.67510987165576,2.14145560057139,
202526,Local authority,England,South West,Dorset,Secondary,92.1101470585849,5.51437233526306,2.37548060615208,
202526,Local authority,England,South West,South Gloucestershire,Secondary,91.568217137669,5.9035770938493,2.52820576848169,
202526,Local authority,England,East of England,Southend-on-Sea,Secondary,92.90678058274,4.77617512590704,2.31704429135301,
202526,Local authority,England,West Midlands,Wolverhampton,Secondary,92.9930395502124,3.68200180413382,3.32495864565381,
202526,Local authority,England,North West,Knowsley,Secondary,89.0943932976819,3.92532894546255,6.98027775685557,
202526,Local authority,England,North West,Warrington,Secondary,92.9195420536949,4.74325294405935,2.33720500224571,
202526,Local authority,England,South East,East Sussex,Secondary,91.6788397295295,5.4122435367957,2.90891673367484,
202526,Local authority,England,London,Bexley,Secondary,93.6385072164996,4.46526182296459,1.89623096053578,
202526,Local authority,England,Yorkshire and The Humber,Wakefield,Secondary,90.9171099106978,5.22397593141979,3.85891415788241,
202526,Local authority,England,London,Redbridge,Secondary,93.9827693474932,4.18956787210925,1.82766278039753,
202526,Local authority,England,South East,Brighton and Hove,Secondary,90.6258691699317,6.47977929661236,2.89435153345589,
202526,Local authority,England,North West,Cumberland,Secondary,91.6141619867063,5.72840770463485,2.65743030865883,
202526,Local authority,England,East Midlands,West Northamptonshire,Secondary,92.5990579286699,4.84495210545517,2.55598996587493,
202526,Local authority,England,London,Haringey,Secondary,93.3200049364433,4.16967260802877,2.51032245552793,
202526,Local authority,England,East of England,Cambridgeshire,Secondary,92.6090251174914,5.52305892342325,1.86791595908534,
202526,Local authority,England,East of England,Norfolk,Secondary,91.9612335856843,5.65030354986614,2.38846286444954,
202526,Local authority,England,South East,Kent,Secondary,92.520851085487,5.0274668981481,2.45168201636487,
202526,Local authority,England,South West,Swindon,Secondary,92.4820792233429,4.92779238283547,2.59012839382158,
202526,Local authority,England,East Midlands,Lincolnshire,Secondary,92.5743121516281,5.37030415774955,2.05538369062239,
202526,Local authority,England,North West,Wirral,Secondary,91.5008555717479,5.23433484584856,3.26480958240358,
202526,Local authority,England,North West,Cheshire East,Secondary,92.6661774226993,5.81811780629983,1.51570477100092,
202526,Local authority,England,North West,Bolton,Secondary,92.3040988898689,4.82750635790652,2.86839475222456,
202526,Local authority,England,North West,Salford,Secondary,91.1830284523384,4.31349432596014,4.50347722170147,
202526,Local authority,England,South West,North Somerset,Secondary,91.737840422784,5.8458123023436,2.41634727487242,
202526,Local authority,England,East of England,Luton,Secondary,93.5922441360494,4.15104672868361,2.25670913526701,
202526,Local authority,England,West Midlands,Stoke-on-Trent,Secondary,91.785755230153,4.53358825082832,3.68065651901871,
202526,Local authority,England,North West,Trafford,Secondary,94.2735954867258,4.58873936514279,1.13766514813137,
202526,Local authority,England,North East,Gateshead,Secondary,91.4235158977247,4.86050894476993,3.71597515750538,
202526,Local authority,England,Yorkshire and The Humber,North Yorkshire,Secondary,91.9042518952456,5.80860656513614,2.28714153961827,
202526,Local authority,England,North West,St. Helens,Secondary,91.5836050577381,4.96086915869744,3.45552578356446,
202526,Local authority,England,Yorkshire and The Humber,Barnsley,Secondary,90.2362679638192,5.65403127353054,4.1097007626503,
202526,Local authority,England,East Midlands,Derbyshire,Secondary,91.9467342389925,5.47665040213564,2.57661535887182,
202526,Local authority,England,Yorkshire and The Humber,East Riding of Yorkshire,Secondary,92.3705263759774,5.1302002677861,2.49927335623651,
202526,Local authority,England,South East,West Sussex,Secondary,92.5073302200401,5.29092397281212,2.20174580714775,
202526,Local authority,England,Yorkshire and The Humber,Doncaster,Secondary,92.088532908517,4.31454110983273,3.59692598165029,
202526,Local authority,England,North West,Lancashire,Secondary,92.170377476366,5.55288836151538,2.27673416211864,
202526,Local authority,England,South West,"Bristol, City of",Secondary,90.4287496888449,6.30714348031059,3.26410683084449,
202526,Local authority,England,London,Sutton,Secondary,94.4423826966325,4.04688288110626,1.51073442226124,
202526,Local authority,England,East Midlands,Derby,Secondary,92.0585177700484,5.30157588947399,2.63990634047762,
202526,Local authority,England,London,Kingston upon Thames,Secondary,94.7058293818601,3.66597870252206,1.62819191561782,
202526,Local authority,England,London,Enfield,Secondary,93.5027122403038,3.94931521765701,2.54797254203917,
202526,Local authority,England,North East,Northumberland,Secondary,91.600621533173,5.54843083890074,2.85094762792623,
202526,Local authority,England,London,Hammersmith and Fulham,Secondary,94.0983566527483,3.96539936024223,1.9362439870095,
202526,Local authority,England,West Midlands,Warwickshire,Secondary,91.7395327630858,5.74124620206078,2.51922103485341,
202526,Local authority,England,South East,Windsor and Maidenhead,Secondary,92.9191347338268,5.22648481880423,1.85438044736895,
202526,Local authority,England,London,Hackney,Secondary,93.0170859647642,4.00480549763274,2.97810853760309,
202526,Local authority,England,East of England,Central Bedfordshire,Secondary,93.2175374293476,5.0496104345578,1.73285213609459,
202526,Local authority,England,London,Lewisham,Secondary,94.0283507767026,3.24742123526228,2.72422798803514,
202526,Local authority,England,South West,Gloucestershire,Secondary,92.3916900505815,5.82721951138559,1.78109043803291,
202526,Local authority,England,London,Bromley,Secondary,93.3562839261466,4.68680565498115,1.95691041887226,
202526,Local authority,England,South East,Southampton,Secondary,90.4710140244296,5.53454404446455,3.9944419311058,
202526,Local authority,England,North West,Wigan,Secondary,92.1644803559161,5.15524441972805,2.68027522435583,
202526,Local authority,England,North West,Blackpool,Secondary,92.4089749087384,3.34894190588412,4.2420831853775,
202526,Local authority,England,London,Tower Hamlets,Secondary,94.0831243528397,3.78387362591876,2.1330020212415,
202526,Local authority,England,London,Hounslow,Secondary,93.7099384488262,3.99227386719788,2.29778768397591,
202526,Local authority,England,West Midlands,Coventry,Secondary,92.0747255096406,4.65320293185593,3.27207155850351,
202526,Local authority,England,London,Havering,Secondary,93.6033607499385,4.4503680826659,1.94627116739556,
202526,Local authority,England,South West,Isles of Scilly,Secondary,c,c,c,
202526,Local authority,England,East Midlands,Leicester,Secondary,93.1989589489054,4.04724027487493,2.7538007762197,
202526,Local authority,England,North West,Stockport,Secondary,92.1614823048713,5.24890434619775,2.58961334893097,
202526,Local authority,England,North East,South Tyneside,Secondary,90.2599808003899,6.99596847490835,2.74405072470176,
202526,Local authority,England,North East,Sunderland,Secondary,90.6712647871908,4.72710645841812,4.60162875439114,
202526,Local authority,England,South East,Bracknell Forest,Secondary,93.1769201535011,5.11345729593445,1.70962255056451,
202526,Local authority,England,North West,Westmorland and Furness,Secondary,91.8830263001605,6.20537107783422,1.91160262200529,
202526,Local authority,England,London,Waltham Forest,Secondary,93.2592537777317,3.79368626696464,2.94705995530362,
202526,Local authority,England,West Midlands,"Herefordshire, County of",Secondary,92.7531455064,5.70036492141795,1.54648957218207,
202526,Local authority,England,Yorkshire and The Humber,Kirklees,Secondary,92.8960491452861,4.64056645761165,2.46338439710222,
202526,Local authority,England,North East,Hartlepool,Secondary,90.700412007063,4.45130101039827,4.84828698253875,
202526,Local authority,England,South East,Hampshire,Secondary,92.4447466725349,5.56777494990088,1.98747837756425,
202526,Local authority,England,North West,Blackburn with Darwen,Secondary,91.8141645766153,5.07002667303635,3.11580875034834,
202526,Local authority,England,Yorkshire and The Humber,North Lincolnshire,Secondary,91.7945416480247,4.82660459905942,3.37885375291582,
202526,Local authority,England,London,Greenwich,Secondary,92.8758914257283,4.06838410083476,3.0557244734369,
202526,Local authority,England,Yorkshire and The Humber,North East Lincolnshire,Secondary,89.9113625698,5.69325438046075,4.39538304973926,
202526,Local authority,England,London,Camden,Secondary,91.2419640594157,5.73768342670361,3.02035251388069,
202526,Local authority,England,North East,Darlington,Secondary,92.0145984608026,4.95755250228271,3.02784903691465,
202526,Local authority,England,South West,Plymouth,Secondary,91.1501700974591,5.80282632404815,3.04700357849281,
202526,Local authority,England,North West,Sefton,Secondary,90.4008452106646,5.42173722777255,4.17741756156285,
202526,Local authority,England,Yorkshire and The Humber,Leeds,Secondary,91.9039752619519,4.11136019431567,3.98466454373239,
202526,Local authority,England,South East,Slough,Secondary,93.3545013451677,4.7547215553438,1.89077709948853,
202526,Local authority,England,East of England,Essex,Secondary,92.3355313888876,4.69929011061937,2.96517850049304,
202526,Local authority,England,North East,Middlesbrough,Secondary,90.7550612143819,4.20752139794765,5.03741738767045,
202526,Local authority,England,North East,North Tyneside,Secondary,92.3019350465908,5.00208892007977,2.69597603332942,
202526,Local authority,England,South West,Wiltshire,Secondary,91.9698842489842,5.51623587257145,2.51387987844436,
202526,Local authority,England,North West,Liverpool,Secondary,91.3089849724154,4.06137966477403,4.6296353628106,
202526,Local authority,England,East Midlands,North Northamptonshire,Secondary,91.7303843965111,5.29468820700145,2.97492739648743,
202526,Local authority,England,North East,County Durham,Secondary,91.9891859225328,5.17915949688593,2.83165458058127,
202526,Local authority,England,East of England,Hertfordshire,Secondary,93.1273380578196,5.11669860167874,1.75596334050166,
202526,Local authority,England,London,Lambeth,Secondary,93.0368337363692,4.23444124212854,2.72872502150227,
202526,Local authority,England,North West,Bury,Secondary,91.8335045299612,5.039236450424,3.12725901961482,
202526,Local authority,England,North West,Manchester,Secondary,92.94968128839,3.65188903609692,3.39842967551304,
202526,Local authority,England,South West,Torbay,Secondary,91.4464035388979,6.13453600565049,2.41906045545166,
202526,Local authority,England,Yorkshire and The Humber,Bradford,Secondary,90.0570785190601,5.12576379770257,4.81715768323731,
202526,Local authority,England,West Midlands,Staffordshire,Secondary,92.8966140548926,5.20359648454544,1.89978946056195,
202526,Local authority,England,London,Barnet,Secondary,94.5035765928365,3.74955583962667,1.74686756753686,
202526,Local authority,England,East Midlands,Nottingham,Secondary,92.1863817695672,3.82305436403552,3.99056386639732,
202526,Local authority,England,South West,Cornwall,Secondary,91.3899617505538,5.87689520257199,2.73314304687417,
202526,Local authority,England,North West,Oldham,Secondary,92.6117921877626,3.95148572041677,3.43672209182066,
202526,Local authority,England,London,Merton,Secondary,94.1649426184714,3.81196814739636,2.02308923413225,
202526,Local authority,England,South East,Surrey,Secondary,93.5286549742394,4.73999916709304,1.73134585866759,
202526,Local authority,England,South East,Wokingham,Secondary,93.8383333957879,4.64363800715347,1.51802859705862,
202526,Local authority,England,London,Richmond upon Thames,Secondary,94.1103415000361,3.6490190289314,2.24063947103246,
202526,Local authority,England,West Midlands,Sandwell,Secondary,92.6239449828071,4.14015409227148,3.23590092492139,
202526,Regional,England,East of England,,Secondary,92.6013355369533,5.06472839454029,2.33393606850643,
202526,Regional,England,South West,,Secondary,91.6809980275643,5.78555607607462,2.53344589636108,
202526,Regional,England,East Midlands,,Secondary,92.2667498813452,5.09163368694777,2.64161643170698,
202526,Regional,England,Yorkshire and The Humber,,Secondary,91.5265025942812,4.81240764108732,3.66108976463144,
202526,Regional,England,London,,Secondary,93.6209855223964,4.02619135259371,2.3528231250099,
202526,Regional,England,North East,,Secondary,91.409776216341,4.96886459167945,3.62135919197952,
202526,Regional,England,North West,,Secondary,92.0186919995454,4.92462341403886,3.0566845864157,
202526,Regional,England,West Midlands,,Secondary,92.4839932663006,4.85325034053947,2.6627563931599,
202526,Regional,England,South East,,Secondary,92.498461047577,5.25961594258974,2.24192300983322,
202526,National,England,,,Secondary,92.3530839800153,4.94395241780402,2.70296360218071,
202526,Local authority,England,South East,East Sussex,Special,85.7724472985593,9.71868081132412,4.50887189011658,
202526,Local authority,England,South West,"Bristol, City of",Special,85.668747801618,9.11156055809591,5.21969164028608,
202526,Local authority,England,North East,County Durham,Special,87.3123570931504,8.72452530072572,3.96311760612387,
202526,Local authority,England,South West,Somerset,Special,82.9300417717232,13.6898355473601,3.38012268091672,
202526,Local authority,England,West Midlands,Stoke-on-Trent,Special,86.0524037366143,9.10549100022784,4.84210526315789,
202526,Local authority,England,North West,Blackburn with Darwen,Special,85.6909320097692,10.2083825730718,4.10068541715906,
202526,Local authority,England,North East,Middlesbrough,Special,88.5004683597002,7.83071398834305,3.6688176519567,
202526,Local authority,England,South West,Plymouth,Special,87.6665919044303,8.91716737690791,3.41624071866183,
202526,Local authority,England,West Midlands,Solihull,Special,84.4062388816839,11.4643467881695,4.12941433014656,
202526,Local authority,England,North West,Salford,Special,85.5194745583068,9.80946896672592,4.67105647496724,
202526,Local authority,England,London,Hillingdon,Special,88.5924494030012,7.6672471399885,3.74030345701026,
202526,Local authority,England,West Midlands,Wolverhampton,Special,89.2587789305666,7.75538707102953,2.98583399840383,
202526,Local authority,England,East Midlands,West Northamptonshire,Special,87.9178204695749,9.37973124563647,2.70244828478863,
202526,Local authority,England,South East,Buckinghamshire,Special,87.894750973285,9.42462075446369,2.68062827225131,
202526,Local authority,England,London,Barnet,Special,86.760471482674,11.1601253882924,2.07940312903363,
202526,Local authority,England,London,Hammersmith and Fulham,Special,87.999814954741,9.2753936066863,2.72479143857268,
202526,Local authority,England,Yorkshire and The Humber,Bradford,Special,85.7820788991416,9.8620711828441,4.35584991801434,
202526,Local authority,England,South West,North Somerset,Special,88.7683541529695,8.55431368251881,2.67733216451165,
202526,Local authority,England,South East,Kent,Special,86.106169949339,10.491955379005,3.40187467165596,
202526,Local authority,England,West Midlands,Worcestershire,Special,88.1855283476726,9.54665784248842,2.26781380983896,
202526,Local authority,England,South West,Dorset,Special,89.0292454628238,8.86681772940005,2.1039368077762,
202526,Local authority,England,North West,Trafford,Special,90.6046013911183,6.85928303905832,2.53611556982343,
