time_period,geographic_level,country_name,region_name,la_name,school_type,attendance_perc,authorised_absence_perc,unauthorised_absence_perc,pa_perc
202526,Local authority,England,West Midlands,Telford and Wrekin,Primary,95.7589288982263,3.02590643232045,1.21516466945325,
202526,Local authority,England,Yorkshire and The Humber,Leeds,Primary,95.4800616485677,2.72943719109284,1.79050116033942,
202526,Local authority,England,North East,Newcastle upon Tyne,Primary,95.6523369754221,2.64485201693833,1.70281100763952,
202526,Local authority,England,North West,Blackpool,Primary,95.2302945974901,2.64679863614743,2.12290676636245,
202526,Local authority,England,South East,Buckinghamshire,Primary,96.0602873860693,3.10131174198942,0.838400871941284,
202526,Local authority,England,North West,Rochdale,Primary,95.4501825268147,2.687116523286,1.86270094989927,
202526,Local authority,England,North East,Hartlepool,Primary,95.3061518332801,2.91910029360027,1.77474787311961,
202526,Local authority,England,South West,Dorset,Primary,95.4607638843174,3.30116470155944,1.23807141412316,
202526,Local authority,England,West Midlands,Solihull,Primary,96.0036762256076,2.91394941543738,1.08237435895502,
202526,Local authority,England,London,Lambeth,Primary,95.3203614141641,2.87061822817081,1.80902035766505,
202526,Local authority,England,East Midlands,North Northamptonshire,Primary,95.4171257973468,3.24111800043622,1.34175620221696,
202526,Local authority,England,East of England,Luton,Primary,96.044460897178,2.76762558523705,1.18791351758493,
202526,Local authority,England,North East,North Tyneside,Primary,95.8685365957628,2.56686133253762,1.56460207169956,
202526,Local authority,England,North West,Wigan,Primary,95.7592206351181,2.8630527182702,1.37772664661171,
202526,Local authority,England,South West,Devon,Primary,95.7544375846052,3.32968494909226,0.915877466302516,
202526,Local authority,England,South West,Swindon,Primary,96.215591757127,2.92800114074828,0.856407102124765,
202526,Local authority,England,London,Southwark,Primary,95.7311370641706,2.95969530357231,1.30916763225706,
202526,Local authority,England,North West,St. Helens,Primary,95.9134112129967,2.73215257714692,1.35443620985638,
202526,Local authority,England,London,Redbridge,Primary,95.363775231163,3.13086923850211,1.50535553033492,
202526,Local authority,England,South East,Southampton,Primary,95.3734383347717,3.10727715448157,1.51928451074672,
202526,Local authority,England,London,Kingston upon Thames,Primary,96.2842408714998,2.6504418773929,1.06531725110726,
202526,Local authority,England,North West,Blackburn with Darwen,Primary,95.9204347348086,2.73436886494636,1.34519640024501,
202526,Local authority,England,South West,"Bournemouth, Christchurch and Poole",Primary,96.0281912294372,2.9852478100007,0.986560960562089,
202526,Local authority,England,East of England,Essex,Primary,95.5999120524608,3.21185928313985,1.18822866439941,
202526,Local authority,England,South East,West Berkshire,Primary,96.068291929662,3.19454899917,0.737159071167989,
202526,Local authority,England,London,Camden,Primary,95.5867294695884,3.30319213178111,1.11007839863052,
202526,Local authority,England,East Midlands,Leicester,Primary,95.744036776888,2.91734029379665,1.33862292931534,
202526,Local authority,England,West Midlands,Wolverhampton,Primary,95.3210363467489,3.03008159317256,1.64888206007857,
202526,Local authority,England,North East,Middlesbrough,Primary,95.3479969048924,2.57197094547076,2.08003214963682,
202526,Local authority,England,London,Brent,Primary,95.6947411427078,2.86009946529699,1.44515939199526,
202526,Local authority,England,London,Harrow,Primary,96.3638875645362,2.8077156974104,0.828396738053364,
202526,Local authority,England,Yorkshire and The Humber,East Riding of Yorkshire,Primary,96.0416777298035,2.72602499111545,1.23229727908107,
202526,Local authority,England,London,Bexley,Primary,96.0628854809135,2.64963142005149,1.28748309903502,
202526,Local authority,England,London,Islington,Primary,94.9207656923874,3.12214586935129,1.95708843826132,
202526,Local authority,England,North West,Manchester,Primary,95.3549887159966,2.92028114541982,1.72473013858361,
202526,Local authority,England,North West,Lancashire,Primary,95.7366254330274,3.07896515883129,1.18440940814135,
202526,Local authority,England,East Midlands,Derby,Primary,95.3166016281066,2.85167476020055,1.83172361169284,
202526,Local authority,England,North West,Westmorland and Furness,Primary,96.3104566214079,2.67435800037102,1.01518537822104,
202526,Local authority,England,Yorkshire and The Humber,North Yorkshire,Primary,95.933473992596,2.97224168323665,1.09428432416734,
202526,Local authority,England,East of England,Central Bedfordshire,Primary,96.0017398361953,2.98653196388495,1.01172819991973,
202526,Local authority,England,East Midlands,Rutland,Primary,96.4896305656731,2.84787779677395,0.662491637552962,
202526,Local authority,England,North West,Liverpool,Primary,95.3127530314704,2.38677685139293,2.3004701171367,
202526,Local authority,England,North East,Northumberland,Primary,95.4722340789333,2.81415915949648,1.71360676157028,
202526,Local authority,England,West Midlands,Worcestershire,Primary,95.7909808408159,3.05524495860502,1.15377420057902,
202526,Local authority,England,London,Croydon,Primary,95.4840453006332,3.02984651094574,1.48610818842105,
202526,Local authority,England,North West,Tameside,Primary,95.8337826019241,2.61654027243647,1.54967712563946,
202526,Local authority,England,North West,Halton,Primary,95.2057495514325,3.12789597176489,1.66635447680265,
202526,Local authority,England,South West,Cornwall,Primary,95.6570316397613,3.29670668087387,1.04626167936486,
202526,Local authority,England,West Midlands,Sandwell,Primary,95.4942822463984,2.86286517915724,1.64285257444434,
202526,Local authority,England,North West,Sefton,Primary,95.6397294526051,2.96164085538476,1.39862969201016,
202526,Local authority,England,London,Bromley,Primary,96.011677410655,3.02504128598623,0.963281303358744,
202526,Local authority,England,West Midlands,Staffordshire,Primary,96.1176851008269,2.88117242208973,1.00114247708341,
202526,Local authority,England,London,Haringey,Primary,95.5265706721767,2.89752695809389,1.57590236972945,
202526,Local authority,England,London,Greenwich,Primary,95.522792876205,2.68689069222809,1.79031643156691,
202526,Local authority,England,West Midlands,Shropshire,Primary,95.8994537597851,3.24986180538632,0.850684434828609,
202526,Local authority,England,North East,Stockton-on-Tees,Primary,95.6072128681896,2.67666191575277,1.71612521605759,
202526,Local authority,England,East of England,Suffolk,Primary,95.6456118928635,3.1667511305075,1.18763697662901,
202526,Local authority,England,North East,Redcar and Cleveland,Primary,95.2558499542198,2.57902983736231,2.16512020841789,
202526,Local authority,England,London,City of London,Primary,c,c,c,
202526,Local authority,England,West Midlands,Dudley,Primary,95.4451987165899,2.99139260136928,1.56340868204077,
202526,Local authority,England,North West,Cheshire West and Chester,Primary,95.9079703454025,2.97039022509883,1.12163942949861,
202526,Local authority,England,North West,Bury,Primary,95.7283844934697,3.08278978596175,1.18882572056858,
202526,Local authority,England,North West,Bolton,Primary,95.7766526380015,2.77949601303874,1.44385134895982,
202526,Local authority,England,North West,Oldham,Primary,95.7289321132564,2.66951723917661,1.60155064756703,
202526,Local authority,England,North West,Trafford,Primary,96.4959764747055,2.63591470717235,0.868108818122112,
202526,Local authority,England,South West,North Somerset,Primary,95.9701724948374,3.06686594358445,0.962961561578168,
202526,Local authority,England,East Midlands,Lincolnshire,Primary,95.8353790741121,3.01772681254839,1.14689411333955,
202526,Local authority,England,Yorkshire and The Humber,Calderdale,Primary,95.8441211254755,3.01927418862727,1.13660468589727,
202526,Local authority,England,South East,Oxfordshire,Primary,95.9133511351546,3.16837030250018,0.918278562345225,
202526,Local authority,England,West Midlands,Coventry,Primary,95.4700162319507,3.03374250745854,1.49624126059082,
202526,Local authority,England,North West,Salford,Primary,95.0391618735325,2.97445344905169,1.98638467741576,
202526,Local authority,England,North West,Wirral,Primary,95.2194041262063,3.23974017061086,1.54085570318285,
202526,Local authority,England,Yorkshire and The Humber,York,Primary,95.7301672306857,3.11577771954013,1.1540550497742,
202526,Local authority,England,London,Wandsworth,Primary,95.8570350592059,2.86205595542141,1.28090898537265,
202526,Local authority,England,London,Hillingdon,Primary,94.8497094807141,3.46936970306773,1.68092081621822,
202526,Local authority,England,East of England,Thurrock,Primary,95.7603575476573,2.74410426006357,1.49553819227917,
202526,Local authority,England,South West,Somerset,Primary,95.5999338518345,3.28531632039975,1.11474982776576,
202526,Local authority,England,Yorkshire and The Humber,Rotherham,Primary,95.2670192944202,2.805442113567,1.92753859201279,
202526,Local authority,England,East of England,Southend-on-Sea,Primary,95.2481471433823,3.46990241702076,1.28195043959695,
202526,Local authority,England,Yorkshire and The Humber,Barnsley,Primary,95.3476142489556,2.73074815822172,1.92163759282269,
202526,Local authority,England,London,Barking and Dagenham,Primary,95.8695086043591,2.78470830865644,1.34578308698446,
202526,Local authority,England,North East,Sunderland,Primary,95.4121565849632,2.75165231441099,1.8361911006258,
202526,Local authority,England,London,Tower Hamlets,Primary,95.4476307017456,3.38909004993921,1.16327924831521,
202526,Local authority,England,South East,Brighton and Hove,Primary,95.4891561429411,3.46315382079326,1.04769003626564,
202526,Local authority,England,North West,Stockport,Primary,95.993114584526,2.95808345407815,1.04880196139588,
202526,Local authority,England,West Midlands,Stoke-on-Trent,Primary,95.4935558401661,2.93444359817717,1.57200056165672,
202526,Local authority,England,East of England,Peterborough,Primary,95.8287341787111,3.02232411926681,1.14894170202205,
202526,Local authority,England,North West,Warrington,Primary,96.5445295093459,2.46944257425055,0.98602791640349,
202526,Local authority,England,South West,Plymouth,Primary,95.507744008446,3.29326366059446,1.19899233095955,
202526,Local authority,England,North East,Darlington,Primary,94.98654370447,3.41827893834065,1.5951773571894,
202526,Local authority,England,East Midlands,West Northamptonshire,Primary,95.9609031277359,2.92246060515872,1.1166362671054,
202526,Local authority,England,Yorkshire and The Humber,Wakefield,Primary,95.5806783976087,3.07625867163984,1.34306293075143,
202526,Local authority,England,Yorkshire and The Humber,North East Lincolnshire,Primary,95.3543897570497,2.68315008215975,1.9624601607905,
202526,Local authority,England,North East,South Tyneside,Primary,95.5122703220699,3.17340944127328,1.31432023665681,
202526,Local authority,England,London,Havering,Primary,96.0286672557645,3.03056636381833,0.940766380417218,
202526,Local authority,England,East Midlands,Nottingham,Primary,94.7783393447309,2.84301525287967,2.3786454023894,
202526,Local authority,England,Yorkshire and The Humber,Kirklees,Primary,95.7380472786801,3.09588450474606,1.16606821657381,
202526,Local authority,England,East Midlands,Derbyshire,Primary,95.9529646634013,2.95733251045504,1.08970282614366,
202526,Local authority,England,Yorkshire and The Humber,Doncaster,Primary,95.3787367652565,2.7346407534854,1.88662248125811,
202526,Local authority,England,East of England,Bedford,Primary,96.2721611545977,2.85697589393812,0.870862951464224,
202526,Local authority,England,London,Newham,Primary,94.497978986581,2.53794800730957,2.96407300610945,
202526,Local authority,England,London,Richmond upon Thames,Primary,96.7378240442368,2.47834162825351,0.783834327509735,
202526,Local authority,England,North East,Gateshead,Primary,95.7634911698813,2.79522742694123,1.44128140317742,
202526,Local authority,England,South West,"Bristol, City of",Primary,95.3167665670675,3.13314454555379,1.55008888737872,
202526,Local authority,England,South West,Torbay,Primary,95.5297492415396,3.39960863978331,1.07064211867705,
202526,Local authority,England,South East,Hampshire,Primary,96.24607274336,2.969206688939,0.784720567700998,
202526,Local authority,England,West Midlands,Warwickshire,Primary,95.8076227354024,3.19263422216908,0.999743042428529,
202526,Local authority,England,South East,Windsor and Maidenhead,Primary,96.3120789061756,2.83907897210982,0.848842121714583,
202526,Local authority,England,South East,Isle of Wight,Primary,95.0919701296628,3.65397236461678,1.25405750572042,
202526,Local authority,England,North West,Cumberland,Primary,96.0835942248582,2.80995336757419,1.10645240756765,
202526,Local authority,England,South West,Bath and North East Somerset,Primary,96.176885064865,3.01290608047058,0.810208854664371,
202526,Local authority,England,London,Merton,Primary,96.3657632096369,2.65146801397081,0.982768776392311,
202526,Local authority,England,South East,Reading,Primary,95.4337591364035,3.06319189958757,1.50304896400891,
202526,Local authority,England,London,Ealing,Primary,96.0318475007833,2.63589119340793,1.33226130580876,
202526,Local authority,England,London,Hammersmith and Fulham,Primary,96.0700028065272,2.75698338421357,1.17301380925925,
202526,Local authority,England,London,Lewisham,Primary,95.4705070540709,3.13340274637247,1.39609019955664,
202526,Local authority,England,South East,Bracknell Forest,Primary,96.2583234382657,2.89854365736327,0.843132904370979,
202526,Local authority,England,East of England,Cambridgeshire,Primary,95.8697088879478,3.2889451864625,0.841345925589716,
202526,Local authority,England,Yorkshire and The Humber,"Kingston upon Hull, City of",Primary,95.271062957713,2.7872968265235,1.94164021576354,
202526,Local authority,England,West Midlands,"Herefordshire, County of",Primary,96.1446503842717,3.21740471232103,0.637944903407265,
202526,Local authority,England,South East,Medway,Primary,95.0324880864437,3.4394821530162,1.52802976054011,
202526,Local authority,England,London,Sutton,Primary,95.9176509485434,3.07183024045912,1.01051881099747,
202526,Local authority,England,North West,Cheshire East,Primary,96.4054232724545,2.76513316802297,0.829443559522576,
202526,Local authority,England,Yorkshire and The Humber,North Lincolnshire,Primary,95.4958179917269,2.80448353713048,1.69969847114263,
202526,Local authority,England,London,Enfield,Primary,95.7152491106761,2.81339011918849,1.47136077013544,
202526,Local authority,England,South West,South Gloucestershire,Primary,95.9684761928093,2.94895192833754,1.0825718788532,
202526,Local authority,England,East Midlands,Leicestershire,Primary,96.2211963631253,2.92113257727278,0.857671059601933,
202526,Local authority,England,South East,Kent,Primary,95.470739797209,3.19293862403314,1.33632157875784,
202526,Local authority,England,North East,County Durham,Primary,95.2697757063491,3.10434103394407,1.6258832597068,
202526,Local authority,England,East of England,Hertfordshire,Primary,96.0092358560252,3.10149894224826,0.889265201726572,
202526,Local authority,England,Yorkshire and The Humber,Sheffield,Primary,95.4087517884283,2.83117621787774,1.76007199369395,
202526,Local authority,England,South East,West Sussex,Primary,95.9331993369343,3.12959710770788,0.937203555357853,
202526,Local authority,England,Yorkshire and The Humber,Bradford,Primary,95.4245024562658,2.87038583008614,1.70511171364809,
202526,Local authority,England,West Midlands,Walsall,Primary,95.4487162192545,2.70192005036198,1.84936373038356,
202526,Local authority,England,South West,Wiltshire,Primary,96.2152240318891,3.00202927081275,0.782746697298154,
202526,Local authority,England,London,Kensington and Chelsea,Primary,95.3322412245572,3.43209270313022,1.23566607231263,
202526,Local authority,England,London,Hackney,Primary,95.4754992454825,3.02159375550568,1.50290699901185,
202526,Local authority,England,London,Barnet,Primary,95.9821618965501,3.09700627671312,0.920831826736758,
202526,Local authority,England,South East,Wokingham,Primary,96.493660149266,2.76884859254849,0.737491258185517,
202526,Local authority,England,London,Hounslow,Primary,95.5642429521479,3.02584097225103,1.40991607560109,
202526,Local authority,England,London,Waltham Forest,Primary,95.6218459708348,2.78136305165948,1.59679097750574,
202526,Local authority,England,North West,Knowsley,Primary,94.2579720430556,2.86527368999659,2.87675426694777,
202526,Local authority,England,South East,East Sussex,Primary,95.2571997263171,3.41055680407604,1.33224346960686,
202526,Local authority,England,South East,Portsmouth,Primary,95.7075580477976,3.03833035963539,1.25411159256697,
202526,Local authority,England,South East,Slough,Primary,95.0038591169029,3.81620471497665,1.17993616812042,
202526,Local authority,England,South East,Milton Keynes,Primary,96.2073001311345,2.86585512880675,0.926844740058723,
202526,Local authority,England,West Midlands,Birmingham,Primary,95.3887232685337,2.96568404099615,1.64559269047012,
202526,Local authority,England,South East,Surrey,Primary,96.268298229275,2.94798198065915,0.783719790065825,
202526,Local authority,England,East of England,Norfolk,Primary,95.6506949302326,3.15021975588775,1.1990853138796,
202526,Local authority,England,East Midlands,Nottinghamshire,Primary,95.946093753441,2.76104896737319,1.29285727918582,
202526,Local authority,England,South West,Gloucestershire,Primary,95.8589624743282,3.25915606930495,0.881881456366868,
202526,Local authority,England,London,Westminster,Primary,95.1616258121834,2.97903394688506,1.85934024093157,
202526,Regional,England,North East,,Primary,95.4637526467724,2.83558004725946,1.70066730596813,
202526,Regional,England,South East,,Primary,95.8394764607829,3.12361643067862,1.03690710853848,
202526,Regional,England,East of England,,Primary,95.7816448229851,3.12789657691801,1.09045860009689,
202526,Regional,England,North West,,Primary,95.7075761840512,2.84594703594544,1.44647678000334,
202526,Regional,England,London,,Primary,95.6682188865366,2.92705086197672,1.40473025148665,
202526,Regional,England,East Midlands,,Primary,95.8012617390167,2.92755702260172,1.27118123838154,
202526,Regional,England,South West,,Primary,95.7930522078998,3.1782446736956,1.02870311840459,
202526,Regional,England,Yorkshire and The Humber,,Primary,95.551214598001,2.86221354590505,1.58657185609395,
202526,Regional,England,West Midlands,,Primary,95.6535896835534,2.98861538362849,1.35779493281811,
202526,National,England,,,Primary,95.7149541030985,2.98993294521658,1.29511295168494,
202526,Local authority,England,South West,Somerset,Secondary,91.9164791510404,5.54372586604439,2.53979498291524,
202526,Local authority,England,South East,Buckinghamshire,Secondary,93.8097607072383,4.7585411544037,1.43169813835801,
202526,Local authority,England,London,Harrow,Secondary,94.3341991601231,3.95835048768255,1.70745035219438,
202526,Local authority,England,North West,Rochdale,Secondary,92.8609910800573,3.87428768203681,3.26472123790587,
202526,Local authority,England,West Midlands,Worcestershire,Secondary,93.0821128673855,5.16474032062837,1.75314681198618,
202526,Local authority,England,South East,Medway,Secondary,93.3020778375578,4.49634738251019,2.20157477993203,
202526,Local authority,England,South West,Devon,Secondary,91.6708049420506,5.69681773407035,2.63237732387907,
202526,Local authority,England,Yorkshire and The Humber,Rotherham,Secondary,92.2433904480414,3.72755958936895,4.02904996258963,
202526,Local authority,England,North West,Cheshire West and Chester,Secondary,92.3215312463931,5.08957719395032,2.58889155965654,
202526,Local authority,England,East of England,Bedford,Secondary,93.3115356248311,4.65802790982978,2.03043646533909,
202526,Local authority,England,Yorkshire and The Humber,"Kingston upon Hull, City of",Secondary,92.5463137779914,3.81787506500012,3.63581115700851,
202526,Local authority,England,South East,Portsmouth,Secondary,92.0577026574932,4.83316120961759,3.10913613288921,
202526,Local authority,England,South East,Isle of Wight,Secondary,91.1676191014162,6.82803139425778,2.00434950432597,
202526,Local authority,England,East Midlands,Rutland,Secondary,93.7438477523789,4.57043639943126,1.68571584818987,
202526,Local authority,England,South East,Oxfordshire,Secondary,92.2625770111957,5.32073864990736,2.41668433889694,
202526,Local authority,England,Yorkshire and The Humber,Calderdale,Secondary,93.6782374211787,4.00806910889866,2.31369346992267,
202526,Local authority,England,London,Croydon,Secondary,93.4301381343699,4.00245870612327,2.56740315950682,
202526,Local authority,England,East Midlands,Leicestershire,Secondary,92.8394173294652,5.16137255876111,1.9992101117737,
202526,Local authority,England,East Midlands,Nottinghamshire,Secondary,92.940028297395,4.35844156283485,2.70153013977019,
202526,Local authority,England,London,Wandsworth,Secondary,94.1567445480102,3.50402672824844,2.33922872374135,
202526,Local authority,England,West Midlands,Dudley,Secondary,92.8696962365,4.43492510393067,2.69537865956932,
202526,Local authority,England,North East,Newcastle upon Tyne,Secondary,91.9612141483234,3.61956920233629,4.41921664934034,
202526,Local authority,England,North East,Stockton-on-Tees,Secondary,92.728493896002,3.79469723628292,3.47680886771513,
202526,Local authority,England,West Midlands,Telford and Wrekin,Secondary,93.5507393410607,4.08032566515332,2.36893499378598,
202526,Local authority,England,Yorkshire and The Humber,Sheffield,Secondary,91.9752942625051,3.81760882804154,4.20709690945334,
202526,Local authority,England,South West,"Bournemouth, Christchurch and Poole",Secondary,93.5386334892203,4.51983881878879,1.94152769199094,
202526,Local authority,England,Yorkshire and The Humber,York,Secondary,91.587907840126,4.89816698477481,3.51392517509915,
202526,Local authority,England,South East,Milton Keynes,Secondary,93.3032298863989,4.5805516571359,2.11621845646521,
202526,Local authority,England,North West,Halton,Secondary,91.401293438664,4.63831812042078,3.96038844091523,
202526,Local authority,England,West Midlands,Birmingham,Secondary,93.6879595243442,3.74777320975541,2.56426726590041,
202526,Local authority,England,West Midlands,Shropshire,Secondary,92.7396233549633,5.34676597095147,1.91361067408523,
202526,Local authority,England,London,Newham,Secondary,93.8610348655095,3.04629090233808,3.09267423215238,
202526,Local authority,England,London,Barking and Dagenham,Secondary,94.7220404017605,3.21363277282474,2.06432682541474,
202526,Local authority,England,North West,Tameside,Secondary,92.6049811420159,3.65237100219655,3.74264785578753,
202526,Local authority,England,London,Ealing,Secondary,94.1452997089521,3.67173142701381,2.18296886403405,
202526,Local authority,England,West Midlands,Solihull,Secondary,92.9584646225776,4.6934963578933,2.34803901952913,
202526,Local authority,England,London,Islington,Secondary,92.9111944512822,3.04542361101056,4.04338193770724,
202526,Local authority,England,West Midlands,Walsall,Secondary,92.1121720217804,3.80704108757912,4.08078689064051,
202526,Local authority,England,East of England,Peterborough,Secondary,93.3619062943405,4.46879159779413,2.16930210786537,
202526,Local authority,England,London,Westminster,Secondary,94.4801346801347,3.41975308641975,2.10011223344557,
202526,Local authority,England,London,Southwark,Secondary,94.5267625754883,3.21729428502276,2.25594313948889,
202526,Local authority,England,South West,Bath and North East Somerset,Secondary,92.8817235069541,5.13633385793568,1.9819426351102,
202526,Local authority,England,East of England,Thurrock,Secondary,93.6681755098075,3.63204027492845,2.69978421526407,
202526,Local authority,England,South East,Reading,Secondary,93.5367487887847,4.03026089842385,2.43299031279149,
202526,Local authority,England,London,Hillingdon,Secondary,93.3813403463257,4.23522695974341,2.38343269393086,
202526,Local authority,England,London,Brent,Secondary,94.4235615710152,3.43435550358883,2.14208292539592,
202526,Local authority,England,North East,Redcar and Cleveland,Secondary,91.7964256241609,4.50405843156093,3.69951594427817,
202526,Local authority,England,East of England,Suffolk,Secondary,92.1789016097278,5.30042847074819,2.520669919524,
202526,Local authority,England,South East,West Berkshire,Secondary,92.6189469728994,5.43715654501902,1.94389648208163,
202526,Local authority,England,London,Kensington and Chelsea,Secondary,93.1539818140634,3.76864705692004,3.0773711290166,
202526,Local authority,England,South West,Dorset,Secondary,92.682844889481,5.11954172153901,2.19761338897997,
202526,Local authority,England,South West,South Gloucestershire,Secondary,92.3950630599052,5.22382727450438,2.38110966559039,
202526,Local authority,England,East of England,Southend-on-Sea,Secondary,93.174799587297,4.6379452778477,2.18725513485532,
202526,Local authority,England,West Midlands,Wolverhampton,Secondary,93.7839205811797,3.22383755550641,2.99224186331388,
202526,Local authority,England,North West,Knowsley,Secondary,89.8967531585382,3.66696101073224,6.43628583072952,
202526,Local authority,England,North West,Warrington,Secondary,93.8198557562808,4.18839452442852,1.99174971929071,
202526,Local authority,England,South East,East Sussex,Secondary,92.3812585810985,4.91273509961569,2.70600631928581,
202526,Local authority,England,London,Bexley,Secondary,94.2330646411409,3.94732082881207,1.81961453004702,
202526,Local authority,England,Yorkshire and The Humber,Wakefield,Secondary,92.0417567125,4.38371818698542,3.57452510051454,
202526,Local authority,England,North West,Cumberland,Secondary,92.5440763091615,4.90655565314953,2.54936803768902,
202526,Local authority,England,London,Redbridge,Secondary,94.5252889339629,3.76854886147963,1.70616220455746,
202526,Local authority,England,South East,Brighton and Hove,Secondary,91.4032686738863,5.82986235074775,2.76686897536594,
202526,Local authority,England,East Midlands,West Northamptonshire,Secondary,93.0884369968394,4.4787284553852,2.43283454777539,
202526,Local authority,England,East of England,Cambridgeshire,Secondary,92.9938360798814,5.21803518227725,1.78812873784132,
202526,Local authority,England,East of England,Norfolk,Secondary,92.6632289990256,5.20493535214197,2.1318356488324,
202526,Local authority,England,London,Haringey,Secondary,93.5340790036261,3.82142425854545,2.64449673782846,
202526,Local authority,England,South East,Kent,Secondary,93.1800100583936,4.55841763960741,2.26157230199898,
202526,Local authority,England,East Midlands,Lincolnshire,Secondary,93.1617917766951,4.94805537022813,1.89015285307678,
202526,Local authority,England,South West,Swindon,Secondary,92.9654438789115,4.70574254211545,2.328813578973,
202526,Local authority,England,North West,Wirral,Secondary,92.1935471897097,4.77743339596254,3.02901941432772,
202526,Local authority,England,North West,Cheshire East,Secondary,93.5995313228974,4.98347699825507,1.41699167884755,
202526,Local authority,England,North West,Bolton,Secondary,93.3859772990573,4.01390600063912,2.60011670030363,
202526,Local authority,England,North West,Salford,Secondary,91.9639389608735,3.84418782072635,4.19187321840016,
202526,Local authority,England,South West,North Somerset,Secondary,92.6432776291538,5.15380139580089,2.20292097504526,
202526,Local authority,England,East of England,Luton,Secondary,94.0461629461657,3.7289140330645,2.22492302076983,
202526,Local authority,England,West Midlands,Stoke-on-Trent,Secondary,92.4008244545578,4.19390659909832,3.40526894634388,
202526,Local authority,England,North West,Trafford,Secondary,94.8864021460345,3.99111526493086,1.12248258903463,
202526,Local authority,England,North East,Gateshead,Secondary,92.2707840640349,4.2280637923716,3.50115214359348,
202526,Local authority,England,Yorkshire and The Humber,North Yorkshire,Secondary,92.7371548117688,5.11518442451784,2.14766076371332,
202526,Local authority,England,North West,St. Helens,Secondary,92.2730086463388,4.66862357475189,3.05836777890932,
202526,Local authority,England,Yorkshire and The Humber,Barnsley,Secondary,91.3815034557601,4.75889735903434,3.85959918520561,
202526,Local authority,England,East Midlands,Derbyshire,Secondary,93.1247184046957,4.46161467058639,2.41366692471791,
202526,Local authority,England,Yorkshire and The Humber,East Riding of Yorkshire,Secondary,93.2733096701584,4.35505106096397,2.3716392688776,
202526,Local authority,England,South East,West Sussex,Secondary,93.1257717340039,4.82329592923762,2.05093233675843,
202526,Local authority,England,Yorkshire and The Humber,Doncaster,Secondary,92.6488440103736,3.82444499622947,3.52671099339697,
202526,Local authority,England,North West,Lancashire,Secondary,93.1787350795483,4.74433334352129,2.0769315769304,
202526,Local authority,England,South West,"Bristol, City of",Secondary,91.2311550163507,5.67369631029067,3.09514867335868,
202526,Local authority,England,London,Sutton,Secondary,94.9168266348547,3.66507808667954,1.41809527846576,
202526,Local authority,England,East Midlands,Derby,Secondary,93.0797384995506,4.4732798166444,2.44698168380499,
202526,Local authority,England,London,Kingston upon Thames,Secondary,95.2054836753779,3.25793622247115,1.53658010215092,
202526,Local authority,England,London,Enfield,Secondary,94.1709463216774,3.39241029079847,2.43664338752412,
202526,Local authority,England,North East,Northumberland,Secondary,92.5233402293307,4.78365205241535,2.69300771825399,
202526,Local authority,England,London,Hammersmith and Fulham,Secondary,94.7235194241271,3.39720934437391,1.87927123149898,
202526,Local authority,England,West Midlands,Warwickshire,Secondary,92.3980577969328,5.22405824987417,2.37788395319298,
202526,Local authority,England,South East,Windsor and Maidenhead,Secondary,93.7628173828125,4.493408203125,1.7437744140625,
202526,Local authority,England,London,Hackney,Secondary,93.5972565416826,3.47216757339993,2.93057588491745,
202526,Local authority,England,East of England,Central Bedfordshire,Secondary,93.5783900615699,4.77865577378769,1.64295416464243,
202526,Local authority,England,London,Lewisham,Secondary,94.2472979512825,3.04387804484594,2.70882400387159,
202526,Local authority,England,South West,Gloucestershire,Secondary,93.1545880223566,5.23332677875933,1.6120851988841,
202526,Local authority,England,London,Bromley,Secondary,94.1232612980777,3.97959529502313,1.89714340689916,
202526,Local authority,England,South East,Southampton,Secondary,91.2407354813885,5.04017296821892,3.71909155039257,
202526,Local authority,England,North West,Wigan,Secondary,93.1212013094724,4.45775616188551,2.4210425286421,
202526,Local authority,England,North West,Blackpool,Secondary,93.3422380285114,2.80115487887156,3.85660709261702,
202526,Local authority,England,London,Tower Hamlets,Secondary,94.9104086321309,3.39222583597242,1.69736553189671,
202526,Local authority,England,West Midlands,Coventry,Secondary,92.7571124119383,4.29052702111621,2.95236056694555,
202526,Local authority,England,London,Hounslow,Secondary,94.2844971592405,3.59522407777028,2.12027876298924,
202526,Local authority,England,London,Havering,Secondary,94.1998539830533,3.99130035634784,1.80884566059882,
202526,Local authority,England,East Midlands,Leicester,Secondary,93.7297359535321,3.87883397721791,2.39143006924994,
202526,Local authority,England,South West,Isles of Scilly,Secondary,c,c,c,
202526,Local authority,England,North East,Sunderland,Secondary,91.7998168755001,3.81523122905135,4.38495189544856,
202526,Local authority,England,North West,Stockport,Secondary,93.0024003840614,4.55919347095535,2.4384061449832,
202526,Local authority,England,North East,South Tyneside,Secondary,91.4890895602568,6.03370689835605,2.47720354138711,
202526,Local authority,England,South East,Bracknell Forest,Secondary,93.6876354001401,4.70675718845552,1.60560741140435,
202526,Local authority,England,North West,Westmorland and Furness,Secondary,92.8748227598575,5.35203474153817,1.77314249860431,
202526,Local authority,England,London,Waltham Forest,Secondary,93.639396813974,3.43053874587027,2.9300644401557,
202526,Local authority,England,West Midlands,"Herefordshire, County of",Secondary,93.0196289905091,5.44736842105263,1.53300258843831,
202526,Local authority,England,South East,Hampshire,Secondary,92.8990603699327,5.24427218771816,1.8566674423491,
202526,Local authority,England,Yorkshire and The Humber,Kirklees,Secondary,93.6618792743226,4.0713229306878,2.26679779498963,
202526,Local authority,England,North West,Blackburn with Darwen,Secondary,92.6294097166678,4.56493304852688,2.80565723480536,
202526,Local authority,England,North East,Hartlepool,Secondary,91.6721495367424,3.84735689709102,4.48049356616656,
202526,Local authority,England,Yorkshire and The Humber,North Lincolnshire,Secondary,92.5253060511721,4.25430699657367,3.22038695225421,
202526,Local authority,England,London,Greenwich,Secondary,93.2964849197192,3.8562911869048,2.84722389337602,
202526,Local authority,England,Yorkshire and The Humber,North East Lincolnshire,Secondary,90.8770876354227,4.83820324120655,4.28470912337074,
202526,Local authority,England,London,Camden,Secondary,91.7933112946371,5.36346326819069,2.84322543717219,
202526,Local authority,England,North East,Darlington,Secondary,92.6651577533911,4.45880698501986,2.87603526158906,
202526,Local authority,England,South West,Plymouth,Secondary,91.6373914427348,5.47629726178561,2.88631129547962,
202526,Local authority,England,Yorkshire and The Humber,Leeds,Secondary,92.7580375521395,3.57986162711976,3.66210082074071,
202526,Local authority,England,North West,Sefton,Secondary,91.3679203048906,4.88284367348051,3.74923602162886,
202526,Local authority,England,South East,Slough,Secondary,93.7864805359067,4.21089614465733,2.00262331943599,
202526,Local authority,England,East of England,Essex,Secondary,92.8958062655383,4.35448678257358,2.74970695188813,
202526,Local authority,England,North East,Middlesbrough,Secondary,91.704624384787,3.65838282928082,4.63699278593222,
202526,Local authority,England,North East,North Tyneside,Secondary,93.3278675534814,4.16013764709497,2.51199479942367,
202526,Local authority,England,South West,Wiltshire,Secondary,92.4963181092175,5.12768113481367,2.37600075596881,
202526,Local authority,England,North West,Liverpool,Secondary,92.0803655773143,3.69047343073562,4.22916099195011,
202526,Local authority,England,East Midlands,North Northamptonshire,Secondary,92.4350388883167,4.75948395851031,2.80547715317301,
202526,Local authority,England,North East,County Durham,Secondary,92.978846108429,4.33408323359634,2.68707065797463,
202526,Local authority,England,East of England,Hertfordshire,Secondary,93.667330436553,4.69060121438316,1.64206834906384,
202526,Local authority,England,London,Lambeth,Secondary,93.8326387327719,3.59745447628271,2.56990679094541,
202526,Local authority,England,North West,Bury,Secondary,92.79394699476,4.49074174180668,2.7153112634333,
202526,Local authority,England,North West,Manchester,Secondary,93.8389833350099,3.10742471490887,3.05359195008124,
202526,Local authority,England,South West,Torbay,Secondary,92.6357674452877,5.23714783975634,2.12708471495591,
202526,Local authority,England,Yorkshire and The Humber,Bradford,Secondary,91.575207039453,4.29800737776806,4.12678558277896,
202526,Local authority,England,West Midlands,Staffordshire,Secondary,93.5608236154888,4.62314863898286,1.81602774552834,
202526,Local authority,England,London,Barnet,Secondary,94.8841757111994,3.3839022257508,1.73192206304983,
202526,Local authority,England,South West,Cornwall,Secondary,92.2000211670334,5.27905814000168,2.52092069296488,
202526,Local authority,England,East Midlands,Nottingham,Secondary,92.5280340857025,3.61435978386525,3.85760613043221,
202526,Local authority,England,North West,Oldham,Secondary,93.5626428550352,3.41932818695823,3.01802895800658,
202526,Local authority,England,South East,Surrey,Secondary,94.1729920173534,4.25820732370732,1.56880065893925,
202526,Local authority,England,South East,Wokingham,Secondary,94.3361410949376,4.30890980058396,1.35494910447841,
202526,Local authority,England,London,Merton,Secondary,94.7259366233347,3.40160157152244,1.87246180514288,
202526,Local authority,England,London,Richmond upon Thames,Secondary,94.7671195439994,3.29507300694933,1.9378074490513,
202526,Local authority,England,West Midlands,Sandwell,Secondary,93.3297938419791,3.78048907442301,2.88971708359793,
202526,Regional,England,South West,,Secondary,92.3799670598865,5.27034276797835,2.34969017213512,
202526,Regional,England,East of England,,Secondary,93.1099685478781,4.71274035700051,2.17729109512144,
202526,Regional,England,East Midlands,,Secondary,93.0176461446852,4.5423968237785,2.43995703153631,
202526,Regional,England,Yorkshire and The Humber,,Secondary,92.452860811629,4.16796256342974,3.37917662494131,
202526,Regional,England,North East,,Secondary,92.3631453052181,4.25204170845959,3.38481298632234,
202526,Regional,England,North West,,Secondary,92.9195835306423,4.29211710564174,2.78829936371592,
202526,Regional,England,West Midlands,,Secondary,93.1459220920489,4.36556357132276,2.48851433662832,
202526,Regional,England,London,,Secondary,94.1547968568866,3.60234305142059,2.2428600916928,
202526,Regional,England,South East,,Secondary,93.112232345278,4.79829004398204,2.08947761073997,
202526,National,England,,,Secondary,93.0595255114118,4.43081834169844,2.50965614688974,
202526,Local authority,England,South East,East Sussex,Special,86.8332669917405,8.84291969350184,4.32381331475769,
202526,Local authority,England,South West,"Bristol, City of",Special,85.7192284404463,9.29331372718623,4.98745783236744,
202526,Local authority,England,North East,County Durham,Special,88.2885444807811,7.58922223802076,4.12223328119816,
202526,Local authority,England,South West,Somerset,Special,83.6029224673767,13.2583330304242,3.13874450219912,
202526,Local authority,England,West Midlands,Stoke-on-Trent,Special,86.773590646325,8.80601556048159,4.42039379319338,
202526,Local authority,England,North West,Blackburn with Darwen,Special,87.2033218515548,8.85669796630963,3.93998018213561,
202526,Local authority,England,North East,Middlesbrough,Special,88.9426679990007,7.68486135398451,3.37247064701474,
202526,Local authority,England,South West,Plymouth,Special,87.7163198247536,8.88006571741512,3.40361445783133,
202526,Local authority,England,West Midlands,Solihull,Special,86.1499019755693,9.16905444126074,4.68104358316996,
202526,Local authority,England,North West,Salford,Special,86.374598913659,8.64878468217184,4.9766164041692,
202526,Local authority,England,London,Hillingdon,Special,89.5073921110911,6.7456754653738,3.74693242353505,
202526,Local authority,England,West Midlands,Wolverhampton,Special,90.26436376454,6.95570438256374,2.77993185289625,
202526,Local authority,England,East Midlands,West Northamptonshire,Special,88.2472839150082,8.94913950581675,2.80357657917508,
202526,Local authority,England,South East,Buckinghamshire,Special,88.5794691397506,8.80972177806204,2.6108090821874,
202526,Local authority,England,London,Barnet,Special,87.0854999573779,11.0774870002557,1.83701304236638,
202526,Local authority,England,London,Hammersmith and Fulham,Special,88.7933568489124,8.21575543797766,2.99088771310994,
202526,Local authority,England,Yorkshire and The Humber,Bradford,Special,87.3057305730573,8.73237323732373,3.96189618961896,
202526,Local authority,England,South West,North Somerset,Special,88.2010855518222,9.11949685534591,2.67941759283191,
202526,Local authority,England,South East,Kent,Special,86.5976940572109,10.0280530065505,3.3742529362386,
202526,Local authority,England,West Midlands,Worcestershire,Special,88.0430107526882,9.31638970348648,2.64059954382535,
202526,Local authority,England,South West,Dorset,Special,89.4156253944213,8.81989145525685,1.76448315032185,
202526,Local authority,England,North West,Trafford,Special,91.1482148630548,6.42464551290933,2.42713962403584,
