time_period,geographic_level,country_name,region_name,la_name,school_type,attendance_perc,authorised_absence_perc,unauthorised_absence_perc,pa_perc
202526,Local authority,England,London,Tower Hamlets,Primary,94.0104161296376,4.37483631354386,1.61474755681853,
202526,Local authority,England,West Midlands,Walsall,Primary,94.5591774278927,3.34367668300079,2.09714588910655,
202526,Local authority,England,London,Bexley,Primary,95.2433975646243,3.43289396386436,1.3237084715113,
202526,Local authority,England,West Midlands,Warwickshire,Primary,94.9569237481837,3.94946691999066,1.09360933182562,
202526,Local authority,England,South East,Bracknell Forest,Primary,95.6279918852489,3.49872813581049,0.873279978940562,
202526,Local authority,England,South West,Cornwall,Primary,94.566403364415,4.18108281997939,1.25251381560562,
202526,Local authority,England,South East,Hampshire,Primary,95.4692555420884,3.64202416414185,0.888720293769734,
202526,Local authority,England,North East,Darlington,Primary,94.3361936447875,4.2947670543719,1.36903930084063,
202526,Local authority,England,South East,Slough,Primary,94.4274623256617,4.25565870719807,1.3168789671402,
202526,Local authority,England,North West,Stockport,Primary,95.2183794030023,3.59686520163194,1.18475539536574,
202526,Local authority,England,North West,Sefton,Primary,94.8634417579323,3.73619369146398,1.40036455060376,
202526,Local authority,England,London,Barnet,Primary,95.3727790853551,3.57995231593333,1.04726859871154,
202526,Local authority,England,North West,Wirral,Primary,94.6249412412148,3.93331881083684,1.44173994794832,
202526,Local authority,England,East of England,Southend-on-Sea,Primary,94.791164388771,3.83907071605106,1.36976489517791,
202526,Local authority,England,South East,Buckinghamshire,Primary,95.0345987375273,3.92695196415929,1.03844929831343,
202526,Local authority,England,North East,Sunderland,Primary,94.7309890644339,3.77613079436321,1.49288014120287,
202526,Local authority,England,London,Sutton,Primary,95.2087821830463,3.5771705050114,1.21404731194234,
202526,Local authority,England,West Midlands,Wolverhampton,Primary,94.522784561957,3.55243473534858,1.92478070269442,
202526,Local authority,England,London,Redbridge,Primary,94.6585959813853,3.72237921307658,1.61902480553816,
202526,Local authority,England,London,Greenwich,Primary,95.029530245303,3.1796248750758,1.7908448796212,
202526,Local authority,England,Yorkshire and The Humber,Wakefield,Primary,94.7900681274833,3.84400762097098,1.36592425154574,
202526,Local authority,England,South East,West Berkshire,Primary,95.2612388242888,3.89201669049446,0.846744485216773,
202526,Local authority,England,South West,Gloucestershire,Primary,95.0775536408806,3.97634544168822,0.946100917431193,
202526,Local authority,England,South West,Swindon,Primary,95.3100868712137,3.58302500293061,1.10688812585571,
202526,Local authority,England,West Midlands,Stoke-on-Trent,Primary,94.9691505690205,3.3631679749401,1.66768145603937,
202526,Local authority,England,East of England,Central Bedfordshire,Primary,95.1772617344362,3.6924643015008,1.13027396406304,
202526,Local authority,England,Yorkshire and The Humber,Leeds,Primary,94.6489892028261,3.48395739525268,1.86705340192116,
202526,Local authority,England,North East,Hartlepool,Primary,94.8752817998432,3.62237857594923,1.50233962420759,
202526,Local authority,England,West Midlands,Sandwell,Primary,94.6441775582452,3.46569071159131,1.89013173016351,
202526,Local authority,England,North West,Wigan,Primary,94.9513067593627,3.73899494273051,1.30969829790679,
202526,Local authority,England,South East,Southampton,Primary,94.3850661807135,3.94317617660197,1.67175764268458,
202526,Local authority,England,London,Croydon,Primary,94.6653185561346,3.77212669493653,1.56255474892886,
202526,Local authority,England,North West,Westmorland and Furness,Primary,95.4126274176465,3.57140447808518,1.01596810426828,
202526,Local authority,England,North West,Tameside,Primary,95.0440576008047,3.26458604936392,1.69135634983136,
202526,Local authority,England,North West,Rochdale,Primary,94.6912677735934,3.36096056488109,1.94777166152549,
202526,Local authority,England,North West,Warrington,Primary,95.6563038560332,3.22316170101182,1.12053444295494,
202526,Local authority,England,North East,Redcar and Cleveland,Primary,94.575164242986,3.55785346823703,1.86698228877701,
202526,Local authority,England,East Midlands,Derbyshire,Primary,95.0373649858295,3.91086459120705,1.05177042296344,
202526,Local authority,England,South West,Wiltshire,Primary,95.3411324358461,3.72134253411786,0.937525030036043,
202526,Local authority,England,West Midlands,"Herefordshire, County of",Primary,95.3715136368781,3.87925747625763,0.749228886864243,
202526,Local authority,England,West Midlands,Shropshire,Primary,95.1167494754342,3.9767501534491,0.906500371116677,
202526,Local authority,England,South West,"Bournemouth, Christchurch and Poole",Primary,95.3035864933786,3.62972228320192,1.06669122341946,
202526,Local authority,England,South East,Milton Keynes,Primary,95.4311990256973,3.51444918312279,1.05435179117995,
202526,Local authority,England,East of England,Essex,Primary,94.6911898539079,3.97637162120937,1.33243852488274,
202526,Local authority,England,North East,Stockton-on-Tees,Primary,94.9783302919708,3.46386592958351,1.55780377844568,
202526,Local authority,England,London,Lewisham,Primary,94.9512956453307,3.46707365552625,1.58163069914307,
202526,Local authority,England,London,Kingston upon Thames,Primary,95.4906971489272,3.18069684609238,1.32860600498047,
202526,Local authority,England,South East,Portsmouth,Primary,94.9891990266972,3.61364396675216,1.39715700655064,
202526,Local authority,England,East Midlands,North Northamptonshire,Primary,94.6999783594514,3.9882743481488,1.31174729239982,
202526,Local authority,England,London,Richmond upon Thames,Primary,95.8496748036967,2.9583976889552,1.19192750734807,
202526,Local authority,England,North West,Cheshire East,Primary,95.4052586292932,3.72949293627324,0.865248434433592,
202526,Local authority,England,Yorkshire and The Humber,Bradford,Primary,94.2305465608867,3.77178625580547,1.99766718330783,
202526,Local authority,England,London,Newham,Primary,94.0350446039064,3.31900120615801,2.64595418993557,
202526,Local authority,England,East Midlands,West Northamptonshire,Primary,95.1955067198207,3.65016153004404,1.15433175013527,
202526,Local authority,England,North East,North Tyneside,Primary,95.0439619860878,3.55114546525784,1.40489254865434,
202526,Local authority,England,East of England,Peterborough,Primary,95.0366802184848,3.81171089956442,1.15160888195082,
202526,Local authority,England,London,Havering,Primary,95.0268712516551,3.93704347296715,1.03608527537773,
202526,Local authority,England,North West,Cheshire West and Chester,Primary,95.161730417757,3.72432062818207,1.11394895406095,
202526,Local authority,England,London,Brent,Primary,95.0647481783669,3.51691039482519,1.41834142680791,
202526,Local authority,England,London,Hounslow,Primary,94.6312272840191,3.64213943877393,1.72663327720701,
202526,Local authority,England,London,Hackney,Primary,94.6755905230244,3.81713269637912,1.50727678059647,
202526,Local authority,England,London,Southwark,Primary,94.9659715087658,3.66092581782899,1.37310267340524,
202526,Local authority,England,West Midlands,Coventry,Primary,94.4663791585528,3.95091851530498,1.58270232614226,
202526,Local authority,England,North West,Knowsley,Primary,93.5712764632378,3.55552609057268,2.87319744618958,
202526,Local authority,England,Yorkshire and The Humber,North East Lincolnshire,Primary,94.7513932975925,3.35540078152785,1.89320592087969,
202526,Local authority,England,South West,Devon,Primary,94.8587289126924,4.1166029073898,1.02466817991775,
202526,Local authority,England,Yorkshire and The Humber,"Kingston upon Hull, City of",Primary,94.6625525911296,3.54582917022291,1.79161823864745,
202526,Local authority,England,Yorkshire and The Humber,Barnsley,Primary,94.7914137044884,3.48983669399343,1.71874960151816,
202526,Local authority,England,South West,Somerset,Primary,94.6761417722325,4.09944586227421,1.22441236549329,
202526,Local authority,England,East of England,Norfolk,Primary,94.6932733955921,4.02774171713208,1.27898488727577,
202526,Local authority,England,Yorkshire and The Humber,Sheffield,Primary,94.4342948442279,3.62529609793265,1.9404090578394,
202526,Local authority,England,Yorkshire and The Humber,Rotherham,Primary,94.6060790273556,3.59773860182371,1.79618237082067,
202526,Local authority,England,East Midlands,Derby,Primary,94.4958176527198,3.6598169409937,1.84436540628653,
202526,Local authority,England,East of England,Hertfordshire,Primary,95.1215593978484,3.89867279810888,0.979767804042761,
202526,Local authority,England,South East,Wokingham,Primary,95.7298358730733,3.4190454539759,0.85111867295083,
202526,Local authority,England,London,Wandsworth,Primary,94.9255426454946,3.61896633621812,1.45549101828725,
202526,Local authority,England,North West,Cumberland,Primary,95.1500194568499,3.80124372555112,1.04873681759897,
202526,Local authority,England,North West,Manchester,Primary,94.4783524145036,3.58520815754129,1.93643942795508,
202526,Local authority,England,North West,Bury,Primary,94.9699955612559,3.80999792952031,1.22000650922379,
202526,Local authority,England,South East,Oxfordshire,Primary,95.1280437137522,3.86891768771366,1.00303859853415,
202526,Local authority,England,London,Kensington and Chelsea,Primary,94.3053269931901,4.35024139216453,1.34443161464537,
202526,Local authority,England,North West,Liverpool,Primary,94.5044305588451,3.05022500184243,2.44534443931251,
202526,Local authority,England,North West,Lancashire,Primary,94.927993525299,3.80975719416276,1.26224928053822,
202526,Local authority,England,North West,Salford,Primary,94.4343550040222,3.60154741050173,1.96409758547611,
202526,Local authority,England,North West,Halton,Primary,94.4916100025989,3.88401689429917,1.62437310310197,
202526,Local authority,England,North West,Oldham,Primary,94.7361970155271,3.39522312879619,1.86857985567672,
202526,Local authority,England,East Midlands,Leicestershire,Primary,95.3658864548435,3.64331985262492,0.990793692531598,
202526,Local authority,England,Yorkshire and The Humber,North Yorkshire,Primary,95.1053748150621,3.78347305824899,1.11115212668892,
202526,Local authority,England,West Midlands,Birmingham,Primary,94.4531881943598,3.77027479000689,1.77653701563335,
202526,Local authority,England,East Midlands,Nottinghamshire,Primary,95.1472135781381,3.54249475831539,1.31029166354649,
202526,Local authority,England,London,Barking and Dagenham,Primary,94.8088842723314,3.59433138755188,1.59678434011675,
202526,Local authority,England,London,Westminster,Primary,94.2375870614704,4.01686002783357,1.74555291069602,
202526,Local authority,England,London,Bromley,Primary,95.3325973998462,3.55494467809132,1.1124579220625,
202526,Local authority,England,London,Enfield,Primary,94.7516872094457,3.64794243102445,1.60037035952989,
202526,Local authority,England,Yorkshire and The Humber,Calderdale,Primary,94.8674975878613,3.8895570916877,1.24294532045097,
202526,Local authority,England,North East,Middlesbrough,Primary,94.7101618035503,3.32737636269223,1.96246183375748,
202526,Local authority,England,West Midlands,Solihull,Primary,94.9960188859489,3.7575985475586,1.2463825664925,
202526,Local authority,England,South West,"Bristol, City of",Primary,94.4230100043497,3.96470037139894,1.61228962425135,
202526,Local authority,England,Yorkshire and The Humber,York,Primary,94.9059321874287,3.78172185291231,1.31234595965901,
202526,Local authority,England,South West,Plymouth,Primary,94.9083310213672,3.85667613325674,1.23499284537609,
202526,Local authority,England,North West,St. Helens,Primary,95.0404676761953,3.50020423804552,1.45932808575915,
202526,Local authority,England,South East,Isle of Wight,Primary,94.025512938159,4.63775841323212,1.33672864860891,
202526,Local authority,England,London,Haringey,Primary,94.7650985592458,3.55404631561698,1.68085512513719,
202526,Local authority,England,London,Merton,Primary,95.3880836251578,3.4334993533054,1.17841702153675,
202526,Local authority,England,North West,Blackpool,Primary,94.3944126012879,3.1735889906108,2.43199840810127,
202526,Local authority,England,East Midlands,Rutland,Primary,95.5787030862386,3.75287862217362,0.668418291587755,
202526,Local authority,England,South West,Dorset,Primary,94.6300780258835,4.06339235198651,1.30652962212997,
202526,Local authority,England,North West,Bolton,Primary,94.8443016244531,3.68744233277397,1.46825604277295,
202526,Local authority,England,South East,Medway,Primary,94.4874449644811,4.0310595394827,1.48149549603622,
202526,Local authority,England,South West,South Gloucestershire,Primary,95.1481194506523,3.63597883697753,1.21590171237014,
202526,Local authority,England,West Midlands,Staffordshire,Primary,95.3048719222374,3.73132443935574,0.963803638406854,
202526,Local authority,England,South West,North Somerset,Primary,95.0429903607389,3.84561619517059,1.1113934440905,
202526,Local authority,England,Yorkshire and The Humber,Kirklees,Primary,95.0047303067924,3.69519423988523,1.30007545332237,
202526,Local authority,England,Yorkshire and The Humber,North Lincolnshire,Primary,94.7921319261236,3.62899152312494,1.57887655075142,
202526,Local authority,England,London,Islington,Primary,94.1402291748447,3.91021350669992,1.9495573184554,
202526,Local authority,England,North East,Newcastle upon Tyne,Primary,94.7012339317139,3.49272356862774,1.80604249965837,
202526,Local authority,England,North East,Northumberland,Primary,94.6937812894413,3.74849264116238,1.55772606939632,
202526,Local authority,England,London,Ealing,Primary,95.1333384736166,3.48350487842043,1.38315664796295,
202526,Local authority,England,North East,South Tyneside,Primary,94.5443343107449,4.31740092464336,1.1382647646117,
202526,Local authority,England,North East,Gateshead,Primary,94.9965201838796,3.75244902230223,1.25103079381815,
202526,Local authority,England,East of England,Thurrock,Primary,95.0818876614791,3.32653962365291,1.59157271486794,
202526,Local authority,England,East Midlands,Leicester,Primary,94.769148822693,3.32636823168002,1.90448294562699,
202526,Local authority,England,London,Lambeth,Primary,94.5751560498269,3.49152969716793,1.93331425300515,
202526,Local authority,England,South East,Windsor and Maidenhead,Primary,95.4300358871396,3.58927857589712,0.980685536963302,
202526,Local authority,England,South East,Brighton and Hove,Primary,94.4755517239218,4.32002412477577,1.20442415130246,
202526,Local authority,England,East of England,Bedford,Primary,95.2747293660507,3.69475585133945,1.03051478260988,
202526,Local authority,England,London,Harrow,Primary,95.428723163723,3.57372713362534,0.997549702651684,
202526,Local authority,England,South West,Bath and North East Somerset,Primary,95.4020578316196,3.65174789277888,0.946194275601503,
202526,Local authority,England,West Midlands,Worcestershire,Primary,95.0202239283001,3.80288560458688,1.17689046711307,
202526,Local authority,England,North East,County Durham,Primary,94.6095994865296,4.03090322525101,1.35949728821942,
202526,Local authority,England,Yorkshire and The Humber,East Riding of Yorkshire,Primary,95.2034667059169,3.58382372656355,1.21270956751958,
202526,Local authority,England,West Midlands,Telford and Wrekin,Primary,94.9436194296327,3.75727727803333,1.29910329233398,
202526,Local authority,England,East Midlands,Lincolnshire,Primary,95.1214957125537,3.76349856891243,1.11500571853392,
202526,Local authority,England,South East,East Sussex,Primary,94.2545745931301,4.30468932488761,1.4407360819823,
202526,Local authority,England,London,Camden,Primary,94.4809327610051,4.21463983040709,1.30442740858779,
202526,Local authority,England,London,Hillingdon,Primary,94.302541220612,4.02795945062132,1.66949932876665,
202526,Local authority,England,East of England,Luton,Primary,95.1192827830214,3.58203739297571,1.29867982400286,
202526,Local authority,England,South East,West Sussex,Primary,94.8782782013786,4.0507220608905,1.07099973773093,
202526,Local authority,England,North West,Blackburn with Darwen,Primary,95.1620266869189,3.34803942527395,1.48993388780711,
202526,Local authority,England,Yorkshire and The Humber,Doncaster,Primary,94.9214252691622,3.44242826291212,1.63614646792572,
202526,Local authority,England,London,City of London,Primary,c,c,c,
202526,Local authority,England,East Midlands,Nottingham,Primary,94.2087404082471,3.32038722547187,2.47087236628103,
202526,Local authority,England,London,Hammersmith and Fulham,Primary,94.9845189738746,3.68884862023862,1.32663240588677,
202526,Local authority,England,West Midlands,Dudley,Primary,94.7297015501225,3.66458221998215,1.6057162298953,
202526,Local authority,England,South West,Torbay,Primary,94.4860767775525,4.24378215395631,1.27014106849121,
202526,Local authority,England,South East,Kent,Primary,94.5754232838824,3.9410500772884,1.48352663882915,
202526,Local authority,England,North West,Trafford,Primary,95.8814359458944,3.14953291650388,0.969031137601747,
202526,Local authority,England,East of England,Suffolk,Primary,94.9387571183199,3.878292380769,1.18295050091115,
202526,Local authority,England,East of England,Cambridgeshire,Primary,94.9568780227591,4.10028469333779,0.942837283903111,
202526,Local authority,England,London,Waltham Forest,Primary,95.0559822931589,3.19427276241364,1.74974494442749,
202526,Local authority,England,South East,Surrey,Primary,95.288589577597,3.74353831943274,0.967872102970295,
202526,Local authority,England,South East,Reading,Primary,94.7563311647927,3.58751598576682,1.65615284944053,
202526,Regional,England,Yorkshire and The Humber,,Primary,94.7335410838785,3.63825021394543,1.62820870217606,
202526,Regional,England,North East,,Primary,94.7242684091381,3.76040107377678,1.51533051708517,
202526,Regional,England,South West,,Primary,94.9230959323233,3.92904430293146,1.14785976474519,
202526,Regional,England,East Midlands,,Primary,94.9871536214137,3.67125409530058,1.34159228328568,
202526,Regional,England,London,,Primary,94.8726581853773,3.61275904828475,1.51458276633798,
202526,Regional,England,South East,,Primary,94.9687751778187,3.87072520242661,1.16049961975468,
202526,Regional,England,West Midlands,,Primary,94.8094462120655,3.72795001402666,1.46260377390789,
202526,Regional,England,North West,,Primary,94.8988874645637,3.58089864382067,1.52021389161565,
202526,Regional,England,East of England,,Primary,94.9195779560934,3.89672942701437,1.18369261689228,
202526,National,England,,,Primary,94.8846482545229,3.73782426138047,1.37752748409659,
202526,Local authority,England,North West,Halton,Secondary,90.1749142668725,4.99714574541255,4.82793998771495,
202526,Local authority,England,London,Croydon,Secondary,92.2883228634866,4.2920712133835,3.41960592312987,
202526,Local authority,England,North East,Newcastle upon Tyne,Secondary,90.7563643162771,4.09323955641038,5.15039612731255,
202526,Local authority,England,West Midlands,Wolverhampton,Secondary,92.6219095010131,3.62693327486306,3.75115722412386,
202526,Local authority,England,London,Newham,Secondary,93.1455802321753,3.5231361146306,3.33128365319412,
202526,Local authority,England,London,Hounslow,Secondary,93.3376967743154,4.01592608958891,2.64637713609565,
202526,Local authority,England,South West,Devon,Secondary,90.4067884324938,6.52940518546028,3.06380638204589,
202526,Local authority,England,West Midlands,Solihull,Secondary,91.9015868863629,5.34674546853755,2.75166764509957,
202526,Local authority,England,East of England,Cambridgeshire,Secondary,92.0092627227209,5.96264506389873,2.02809221338039,
202526,Local authority,England,Yorkshire and The Humber,Kirklees,Secondary,92.6174242490042,4.68385478460713,2.69872096638867,
202526,Local authority,England,Yorkshire and The Humber,Bradford,Secondary,89.7565381884735,5.03561795530532,5.20784385622118,
202526,Local authority,England,North West,Blackburn with Darwen,Secondary,91.5375436654792,4.96684017569951,3.49561615882129,
202526,Local authority,England,West Midlands,"Herefordshire, County of",Secondary,92.271274997087,6.10341739165658,1.62530761125638,
202526,Local authority,England,South East,Bracknell Forest,Secondary,92.7887036338235,5.38353099155562,1.82776537462091,
202526,Local authority,England,South East,Oxfordshire,Secondary,91.1221682957207,6.11745952635084,2.76037217792843,
202526,Local authority,England,North West,Cumberland,Secondary,91.3202327761194,5.74034373613669,2.93942348774393,
202526,Local authority,England,South West,Wiltshire,Secondary,91.4136652849698,5.81725986748588,2.76907484754437,
202526,Local authority,England,North West,Cheshire East,Secondary,92.4151996541673,5.97023181465281,1.61456853117994,
202526,Local authority,England,South East,Reading,Secondary,92.2806243066003,4.86573458256612,2.85364111083359,
202526,Local authority,England,North East,Stockton-on-Tees,Secondary,91.4911996798814,4.49233147185918,4.01646884825945,
202526,Local authority,England,East Midlands,North Northamptonshire,Secondary,91.4278222356457,5.38847003525369,3.18370772910061,
202526,Local authority,England,South East,Hampshire,Secondary,91.8724707238075,5.97105547732798,2.15647379886455,
202526,Local authority,England,West Midlands,Worcestershire,Secondary,91.9555376722664,6.02707324566293,2.0173890820707,
202526,Local authority,England,South East,Portsmouth,Secondary,90.8494917208577,5.20517690148965,3.94533137765267,
202526,Local authority,England,North West,Blackpool,Secondary,92.227470285758,3.38717161516809,4.38535809907387,
202526,Local authority,England,North East,North Tyneside,Secondary,92.0517703075684,5.07096366697625,2.87726602545535,
202526,Local authority,England,South East,Wokingham,Secondary,93.2746486166286,5.04691325294218,1.6784381304292,
202526,Local authority,England,South West,Isles of Scilly,Secondary,c,c,c,
202526,Local authority,England,London,Richmond upon Thames,Secondary,93.5596556608751,3.81825550157295,2.62208883755198,
202526,Local authority,England,West Midlands,Staffordshire,Secondary,92.6850233775648,5.2408140135886,2.07416260884658,
202526,Local authority,England,West Midlands,Coventry,Secondary,91.4421389805883,4.92218651058588,3.63567450882583,
202526,Local authority,England,Yorkshire and The Humber,North Lincolnshire,Secondary,91.6527746643433,4.82388420851006,3.52334112714666,
202526,Local authority,England,Yorkshire and The Humber,Calderdale,Secondary,92.5169479862376,4.82940295486744,2.65364905889496,
202526,Local authority,England,Yorkshire and The Humber,Doncaster,Secondary,91.887777375726,4.31237931774297,3.79984330653107,
202526,Local authority,England,East of England,Thurrock,Secondary,93.1079600014631,3.83988422264753,3.05215577588938,
202526,Local authority,England,South East,Isle of Wight,Secondary,90.3288274487595,7.67980986157403,1.99136268966648,
202526,Local authority,England,South East,Slough,Secondary,93.2257529487248,4.84057171872067,1.93367533255448,
202526,Local authority,England,Yorkshire and The Humber,Wakefield,Secondary,90.8624326165751,5.02644049344646,4.11112688997842,
202526,Local authority,England,South East,Milton Keynes,Secondary,92.457617361013,5.06948118078292,2.47290145820405,
202526,Local authority,England,North West,Knowsley,Secondary,88.9799826527393,3.76998512753083,7.25003221972986,
202526,Local authority,England,London,Barking and Dagenham,Secondary,93.6848558847192,3.72492136080596,2.59022275447482,
202526,Local authority,England,Yorkshire and The Humber,Leeds,Secondary,91.5560341903377,4.08481933006413,4.35914647959818,
202526,Local authority,England,North West,Salford,Secondary,90.9027680741151,4.42539549794411,4.67183642794081,
202526,Local authority,England,North West,Liverpool,Secondary,90.8089366477461,4.04040472233441,5.15065862991947,
202526,Local authority,England,London,Redbridge,Secondary,93.8808011343785,4.05380591355293,2.06539295206855,
202526,Local authority,England,East Midlands,Nottinghamshire,Secondary,91.956971837097,4.9174048070641,3.12562335583894,
202526,Local authority,England,South East,West Sussex,Secondary,91.8770123637799,5.72638924005716,2.39659839616292,
202526,Local authority,England,London,Southwark,Secondary,93.397780387999,3.85736411546418,2.74485549653684,
202526,Local authority,England,South West,Cornwall,Secondary,90.8963067118198,6.14453348554829,2.95915980263192,
202526,Local authority,England,London,Merton,Secondary,93.6872887055647,3.97723896509964,2.33547232933562,
202526,Local authority,England,North West,Bolton,Secondary,92.0201186423789,4.8900928435575,3.0897885140636,
202526,Local authority,England,South West,"Bournemouth, Christchurch and Poole",Secondary,92.4843374920672,5.15696051555422,2.35870199237862,
202526,Local authority,England,North West,Sefton,Secondary,90.0765143934741,5.40448320636757,4.51900240015838,
202526,Local authority,England,London,Kingston upon Thames,Secondary,94.1712424555405,3.95122529997919,1.87753224448036,
202526,Local authority,England,London,Lewisham,Secondary,93.5275124631865,3.37458391928982,3.09790361752364,
202526,Local authority,England,North East,Redcar and Cleveland,Secondary,90.4920317624975,5.14401242078306,4.36395581671943,
202526,Local authority,England,North East,Hartlepool,Secondary,90.7433431674409,4.25798188729594,4.99867494526312,
202526,Local authority,England,Yorkshire and The Humber,North East Lincolnshire,Secondary,89.9792851576907,5.56106164260103,4.45965319970827,
202526,Local authority,England,South West,"Bristol, City of",Secondary,89.8826403810651,6.53298318224039,3.58437643669454,
202526,Local authority,England,South West,Bath and North East Somerset,Secondary,91.8306476536777,5.82415229728773,2.34520004903459,
202526,Local authority,England,London,Hammersmith and Fulham,Secondary,93.7066803669881,4.10969815483753,2.18362147817441,
202526,Local authority,England,West Midlands,Stoke-on-Trent,Secondary,91.3835717216526,4.52952956875072,4.08689870959673,
202526,Local authority,England,East of England,Suffolk,Secondary,91.123206983766,5.8688777931543,3.00791522307971,
202526,Local authority,England,North West,Stockport,Secondary,91.8578374448435,5.33773619172074,2.80442636343577,
202526,Local authority,England,South East,Southampton,Secondary,90.0089265710765,5.62478996303349,4.36628346589,
202526,Local authority,England,South West,Plymouth,Secondary,90.7219517365141,6.02476734170158,3.25328092178436,
202526,Local authority,England,London,Kensington and Chelsea,Secondary,92.4925047245101,3.98867064835909,3.51882462713077,
202526,Local authority,England,London,Ealing,Secondary,93.3317799197454,4.18703919882822,2.48118088142635,
202526,Local authority,England,West Midlands,Shropshire,Secondary,91.4829876317436,6.16908898407046,2.34792338418596,
202526,Local authority,England,North East,Middlesbrough,Secondary,90.4187391311242,4.19595426747081,5.38530660140496,
202526,Local authority,England,West Midlands,Telford and Wrekin,Secondary,92.4057946829154,4.70376791732261,2.89043739976194,
202526,Local authority,England,London,Waltham Forest,Secondary,92.9449142255512,3.7904371647539,3.26464860969495,
202526,Local authority,England,South West,Somerset,Secondary,90.6973280684126,6.37119185555975,2.93148007602768,
202526,Local authority,England,London,Bromley,Secondary,93.1101205612542,4.74309054867438,2.14678889007137,
202526,Local authority,England,South East,East Sussex,Secondary,91.0623177190795,5.74135062582934,3.19633165509113,
202526,Local authority,England,North West,Lancashire,Secondary,91.9078820026663,5.63172428866894,2.46039370866472,
202526,Local authority,England,London,Barnet,Secondary,94.0158195627546,4.05055441750766,1.93362601973771,
202526,Local authority,England,West Midlands,Dudley,Secondary,91.8524608942064,4.84359230494573,3.30394680084785,
202526,Local authority,England,Yorkshire and The Humber,North Yorkshire,Secondary,91.5179622514395,6.03246872775191,2.4495690208086,
202526,Local authority,England,East of England,Essex,Secondary,91.7325561631117,5.01397289533754,3.25347094155077,
202526,Local authority,England,South West,Dorset,Secondary,91.6278855158477,5.82350020147458,2.54861428267769,
202526,Local authority,England,Yorkshire and The Humber,Sheffield,Secondary,90.8134830532965,4.51065492312672,4.67586202357683,
202526,Local authority,England,London,Hillingdon,Secondary,92.3800823580294,5.03103425428316,2.58888338768741,
202526,Local authority,England,London,Greenwich,Secondary,92.6988664945169,3.86552437803318,3.4356091274499,
202526,Local authority,England,East Midlands,Derbyshire,Secondary,91.8217860840923,5.41172264508347,2.76649127082428,
202526,Local authority,England,East Midlands,Nottingham,Secondary,91.6903145777619,3.83162936600449,4.47805605623359,
202526,Local authority,England,North West,St. Helens,Secondary,91.2289382100855,4.94227414882566,3.82878764108881,
202526,Local authority,England,London,Hackney,Secondary,92.6011096659639,4.17064854228609,3.22824179175002,
202526,Local authority,England,South East,West Berkshire,Secondary,91.6962175210075,6.14651697674948,2.15726550224307,
202526,Local authority,England,East Midlands,Leicester,Secondary,92.5752488936256,4.07618143240556,3.34856967396885,
202526,Local authority,England,West Midlands,Birmingham,Secondary,92.6578961919414,4.31896317867694,3.02314062938168,
202526,Local authority,England,London,Haringey,Secondary,92.9788667599387,4.525449471669,2.4956837683923,
202526,Local authority,England,North West,Trafford,Secondary,94.0305753562725,4.7114070586045,1.25801758512302,
202526,Local authority,England,North West,Warrington,Secondary,92.7026490620369,4.72995915104432,2.56739178691879,
202526,Local authority,England,London,Sutton,Secondary,94.0466300778404,4.21872304140697,1.73464688075265,
202526,Local authority,England,North West,Cheshire West and Chester,Secondary,91.0212683143547,6.02220240642577,2.95652927921948,
202526,Local authority,England,South West,South Gloucestershire,Secondary,91.2843146398207,6.07499250125399,2.64069285892527,
202526,Local authority,England,North West,Wigan,Secondary,91.9991522722608,5.16067372899842,2.8401739987408,
202526,Local authority,England,North East,Northumberland,Secondary,91.3304255462266,5.62530808856084,3.04426636521257,
202526,Local authority,England,South West,North Somerset,Secondary,91.1389612125525,6.17364833191196,2.68739045553554,
202526,Local authority,England,East Midlands,Lincolnshire,Secondary,92.104272358603,5.64435263578554,2.25137500561146,
202526,Local authority,England,North West,Rochdale,Secondary,91.6272739090702,4.21231408224522,4.16041200868462,
202526,Local authority,England,London,Bexley,Secondary,93.2584561344736,4.60190982904623,2.13963403648015,
202526,Local authority,England,East Midlands,West Northamptonshire,Secondary,92.2033751305355,5.07267326048497,2.72395160897957,
202526,Local authority,England,South East,Surrey,Secondary,92.9996777210951,5.05442583261934,1.94589644628554,
202526,Local authority,England,North West,Tameside,Secondary,91.3356580058171,4.20187250114376,4.46246949303916,
202526,Local authority,England,North East,Sunderland,Secondary,90.4351947199413,4.61246471728755,4.95234056277117,
202526,Local authority,England,North East,Gateshead,Secondary,91.090287787826,4.90100683215321,4.0087053800208,
202526,Local authority,England,North West,Bury,Secondary,91.5462367767341,5.06294925032884,3.39081397293709,
202526,Local authority,England,West Midlands,Walsall,Secondary,91.1748933629937,4.14073916682205,4.68436747018428,
202526,Local authority,England,North East,South Tyneside,Secondary,90.2320951320753,6.9164326823838,2.8514721855409,
202526,Local authority,England,North West,Manchester,Secondary,92.6482316886626,3.56093136990175,3.79083694143563,
202526,Local authority,England,South East,Windsor and Maidenhead,Secondary,92.4794283712359,5.54202099934395,1.97855062942016,
202526,Local authority,England,East of England,Peterborough,Secondary,92.3361230764045,5.15650697388952,2.50736994970597,
202526,Local authority,England,South East,Medway,Secondary,92.4754241699814,4.86070748065522,2.66386834936343,
202526,Local authority,England,West Midlands,Warwickshire,Secondary,91.2484645905348,6.01207054704872,2.73946486241648,
202526,Local authority,England,East Midlands,Derby,Secondary,91.6764399746874,5.3124058191371,3.01115420617552,
202526,Local authority,England,Yorkshire and The Humber,Barnsley,Secondary,90.0697477538418,5.6193021335465,4.31095011261175,
202526,Local authority,England,London,Wandsworth,Secondary,93.043304237149,4.29795468740591,2.65874107544503,
202526,Local authority,England,London,Tower Hamlets,Secondary,93.5430511001555,3.88877480763888,2.56817409220564,
202526,Local authority,England,East Midlands,Rutland,Secondary,92.5457867633285,5.12256359866049,2.33164963801098,
202526,Local authority,England,London,Islington,Secondary,91.8568232965576,3.52300288921903,4.62017381422342,
202526,Local authority,England,East Midlands,Leicestershire,Secondary,91.7616642877847,5.77689940937861,2.4614363028367,
202526,Local authority,England,East of England,Southend-on-Sea,Secondary,92.7998962354336,4.79060280255085,2.40950096201551,
202526,Local authority,England,East of England,Bedford,Secondary,92.1896481735939,5.35768668563555,2.45266514077058,
202526,Local authority,England,East of England,Hertfordshire,Secondary,92.627662106877,5.42529353536959,1.94704435775343,
202526,Local authority,England,London,Lambeth,Secondary,92.724673277636,4.26629499593968,3.00903172642437,
202526,Local authority,England,South East,Brighton and Hove,Secondary,89.9913195395249,6.84510443935726,3.16357602111789,
202526,Local authority,England,East of England,Central Bedfordshire,Secondary,92.734643406659,5.35355185919073,1.91180473415024,
202526,Local authority,England,East of England,Norfolk,Secondary,91.3175801005576,6.02111488288797,2.66130501655442,
202526,Local authority,England,South West,Gloucestershire,Secondary,91.9067588500754,6.16020098317567,1.93304016674896,
202526,Local authority,England,London,Camden,Secondary,90.7941325240263,5.78204309342967,3.42382438254403,
202526,Local authority,England,North East,County Durham,Secondary,91.7462991957711,5.26419808034165,2.98950272388729,
202526,Local authority,England,South West,Swindon,Secondary,91.9839065785162,5.13118923146078,2.88490419002306,
202526,Local authority,England,London,Havering,Secondary,93.2528598766491,4.63982014158533,2.10731998176562,
202526,Local authority,England,North West,Westmorland and Furness,Secondary,91.7353728268026,6.25007619906854,2.01455097412889,
202526,Local authority,England,London,Westminster,Secondary,93.2437940689396,4.05306199101975,2.70314394004063,
202526,Local authority,England,London,Brent,Secondary,93.6653890331775,4.01535371741585,2.31925724940668,
202526,Local authority,England,Yorkshire and The Humber,East Riding of Yorkshire,Secondary,92.0904959111939,5.32569545779414,2.58380863101198,
202526,Local authority,England,West Midlands,Sandwell,Secondary,92.2328956090805,4.10305022277275,3.66405416814675,
202526,Local authority,England,Yorkshire and The Humber,"Kingston upon Hull, City of",Secondary,91.4139762999496,4.11251517337543,4.47350852667496,
202526,Local authority,England,North East,Darlington,Secondary,91.6131461777584,5.16905287563409,3.2178009466075,
202526,Local authority,England,North West,Wirral,Secondary,91.2254586516656,5.29914181171771,3.47539953661667,
202526,Local authority,England,Yorkshire and The Humber,York,Secondary,90.546334646329,5.35904081296597,4.09462454070504,
202526,Local authority,England,North West,Oldham,Secondary,92.2038411667026,3.93781396312099,3.8583448701764,
202526,Local authority,England,London,Enfield,Secondary,93.1738386440189,3.96995514887332,2.85620620710773,
202526,Local authority,England,London,Harrow,Secondary,93.6508836989307,4.43014209883061,1.91897420223865,
202526,Local authority,England,South West,Torbay,Secondary,90.9313837475008,6.40154628174646,2.66706997075274,
202526,Local authority,England,East of England,Luton,Secondary,93.1988937646516,4.30140879161269,2.49969744373574,
202526,Local authority,England,South East,Kent,Secondary,92.1753706379363,5.15822272280541,2.66640663925832,
202526,Local authority,England,South East,Buckinghamshire,Secondary,92.6321098111232,5.69648945650314,1.67140073237369,
202526,Local authority,England,Yorkshire and The Humber,Rotherham,Secondary,91.1672403374837,4.11561855022813,4.71714111228815,
202526,Regional,England,North West,,Secondary,91.7318054671081,4.94295432085262,3.32524021203925,
202526,Regional,England,Yorkshire and The Humber,,Secondary,91.2568369313701,4.81736191106057,3.92580115756934,
202526,Regional,England,West Midlands,,Secondary,92.0883706215981,4.95772062286484,2.95390875553705,
202526,Regional,England,South East,,Secondary,92.0197102050983,5.53176305159102,2.44852674331066,
202526,Regional,England,North East,,Secondary,91.1261779010669,5.00177421624903,3.87204788268405,
202526,Regional,England,London,,Secondary,93.2397584258786,4.13432275761233,2.62591881650903,
202526,Regional,England,South West,,Secondary,91.1830485264674,6.0614380145258,2.75551345900681,
202526,Regional,England,East Midlands,,Secondary,91.9242020375113,5.17128092670054,2.90451703578814,
202526,Regional,England,East of England,,Secondary,92.0628390615408,5.36925170566204,2.56790923279715,
202526,National,England,,,Secondary,91.9628097606839,5.08687069295016,2.95031954636599,
202526,Local authority,England,South West,Swindon,Special,88.4806720629279,7.81473702975371,3.70459090731838,
202526,Local authority,England,North East,South Tyneside,Special,89.3299825045221,8.23028793405095,2.43972956142692,
202526,Local authority,England,South East,Kent,Special,85.4926898847022,11.0431772257221,3.46413288957566,
202526,Local authority,England,East Midlands,Leicester,Special,80.9359062072397,13.6786291827342,5.38546461002612,
202526,Local authority,England,London,Greenwich,Special,87.3828008622352,11.1240602162598,1.49313892150506,
202526,Local authority,England,London,Hackney,Special,89.580726911109,8.60252996717245,1.81674312171858,
202526,Local authority,England,East Midlands,Derby,Special,85.5387313898076,10.9008970931646,3.56037151702786,
202526,Local authority,England,Yorkshire and The Humber,Calderdale,Special,89.3168096006868,9.67440905570227,1.0087813436109,
202526,Local authority,England,South West,Somerset,Special,82.2019992263686,14.282456890409,3.51554388322238,
202526,Local authority,England,North East,County Durham,Special,87.0832858793095,8.97152216238496,3.94519195830554,
202526,Local authority,England,Yorkshire and The Humber,Bradford,Special,85.6868618390105,9.81937795733142,4.4937602036581,
202526,Local authority,England,East Midlands,Derbyshire,Special,89.604514628139,7.95183283428021,2.44365253758079,
202526,Local authority,England,North West,Bury,Special,85.3672062745927,12.1636253201996,2.4691684052077,
202526,Local authority,England,North East,Redcar and Cleveland,Special,87.2037676735219,9.7535748714653,3.04265745501285,
202526,Local authority,England,East of England,Hertfordshire,Special,87.2760414074553,9.99306350470313,2.73089508784154,
202526,Local authority,England,North West,Stockport,Special,86.58266652549,10.4284208881023,2.98891258640771,
202526,Local authority,England,London,Richmond upon Thames,Special,90.2455327302705,7.55908084904119,2.19538642068832,
202526,Local authority,England,London,Hounslow,Special,89.968131795426,7.19074609090709,2.84112211366694,
202526,Local authority,England,North West,Cheshire West and Chester,Special,88.6990008236628,8.59067406669513,2.71032510964203,
202526,Local authority,England,West Midlands,Staffordshire,Special,90.1342058656185,7.43205711979929,2.43373701458216,
202526,Local authority,England,West Midlands,Walsall,Special,89.0474721833408,7.57229958957083,3.38022822708833,
202526,Local authority,England,East of England,Thurrock,Special,90.4423615234541,8.20998388328102,1.34765459326491,
