time_period,geographic_level,country_name,region_name,la_name,school_type,attendance_perc,authorised_absence_perc,unauthorised_absence_perc,pa_perc
202526,Local authority,England,London,Tower Hamlets,Primary,94.0860936687793,4.31462821191762,1.59927811930311,
202526,Local authority,England,West Midlands,Walsall,Primary,94.5255770835932,3.37251669779134,2.10190621861541,
202526,Local authority,England,London,Bexley,Primary,95.2807593439872,3.40729972175188,1.31194093426097,
202526,Local authority,England,West Midlands,Warwickshire,Primary,94.9977388708325,3.90297549891907,1.09928563024839,
202526,Local authority,England,South East,Bracknell Forest,Primary,95.6273548844777,3.49036817819665,0.882276937325644,
202526,Local authority,England,South West,Cornwall,Primary,94.6276989901943,4.11898146302141,1.25331954678424,
202526,Local authority,England,South East,Hampshire,Primary,95.4978228683381,3.60735250393949,0.894824627722421,
202526,Local authority,England,South East,Slough,Primary,94.2523174778701,4.3963510267431,1.35133149538681,
202526,Local authority,England,North East,Darlington,Primary,94.4327131029215,4.19312424004842,1.37416265703006,
202526,Local authority,England,North West,Sefton,Primary,94.8815866030453,3.68080573165252,1.43760766530214,
202526,Local authority,England,North West,Stockport,Primary,95.2496797495957,3.57046531205857,1.17985493834569,
202526,Local authority,England,London,Barnet,Primary,95.3019005286604,3.64373589651987,1.05436357481973,
202526,Local authority,England,North West,Wirral,Primary,94.6863069672842,3.87187167287521,1.44182135984065,
202526,Local authority,England,East of England,Southend-on-Sea,Primary,94.7902992636471,3.81242799909596,1.39727273725689,
202526,Local authority,England,South East,Buckinghamshire,Primary,94.9923888265818,3.94879128553525,1.05881988788291,
202526,Local authority,England,North East,Sunderland,Primary,94.7923639629249,3.67653752369484,1.53109851338026,
202526,Local authority,England,London,Sutton,Primary,95.2149624570735,3.55906701318572,1.2259705297408,
202526,Local authority,England,West Midlands,Wolverhampton,Primary,94.5596245631655,3.56114385243572,1.8792315843988,
202526,Local authority,England,London,Redbridge,Primary,94.4513386963124,3.95283472694137,1.59582657674624,
202526,Local authority,England,London,Greenwich,Primary,95.0393839415543,3.17977358625344,1.78084247219229,
202526,Local authority,England,Yorkshire and The Humber,Wakefield,Primary,94.8711548630358,3.76315578356734,1.36568935339686,
202526,Local authority,England,South East,West Berkshire,Primary,95.2410762967318,3.87577758791154,0.883146115356677,
202526,Local authority,England,South West,Gloucestershire,Primary,95.0703910488363,3.96418667635306,0.96542227481061,
202526,Local authority,England,South West,Swindon,Primary,95.3199831228241,3.53836346940168,1.14165340777421,
202526,Local authority,England,East of England,Central Bedfordshire,Primary,95.1825141882895,3.69143524921951,1.12605056249098,
202526,Local authority,England,West Midlands,Stoke-on-Trent,Primary,94.9362685315863,3.38989128447858,1.67384018393514,
202526,Local authority,England,Yorkshire and The Humber,Leeds,Primary,94.6497030595131,3.46744943885526,1.88284750163167,
202526,Local authority,England,North East,Hartlepool,Primary,94.8821194581148,3.58586808263823,1.53201245924698,
202526,Local authority,England,West Midlands,Sandwell,Primary,94.6019567054719,3.52188438466384,1.87615890986426,
202526,Local authority,England,North West,Wigan,Primary,95.0409469542215,3.67189131427893,1.28716173149955,
202526,Local authority,England,South East,Southampton,Primary,94.3822985843616,3.92567471126695,1.69202670437145,
202526,Local authority,England,London,Croydon,Primary,94.7129923425139,3.76012184287346,1.52688581461268,
202526,Local authority,England,North West,Westmorland and Furness,Primary,95.5265959150909,3.47378671645914,0.999617368450004,
202526,Local authority,England,North West,Tameside,Primary,95.0768749750996,3.24174477438979,1.68138025051057,
202526,Local authority,England,North West,Rochdale,Primary,94.6549657513667,3.34429951950157,2.00073472913173,
202526,Local authority,England,North West,Warrington,Primary,95.7628621978482,3.14879561189271,1.08834219025905,
202526,Local authority,England,North East,Redcar and Cleveland,Primary,94.6902399201951,3.47132500984603,1.83843506995884,
202526,Local authority,England,East Midlands,Derbyshire,Primary,95.1304020432098,3.81783612267272,1.05176183411751,
202526,Local authority,England,South West,Wiltshire,Primary,95.410158741643,3.64695751273415,0.942883745622869,
202526,Local authority,England,West Midlands,"Herefordshire, County of",Primary,95.4299751149785,3.83214486213374,0.737880022887742,
202526,Local authority,England,West Midlands,Shropshire,Primary,95.2024068529311,3.89936298917935,0.89823015788957,
202526,Local authority,England,South West,"Bournemouth, Christchurch and Poole",Primary,95.3287021693674,3.61079880991143,1.06049902072115,
202526,Local authority,England,South East,Milton Keynes,Primary,95.4224488729917,3.53238728669285,1.04516384031545,
202526,Local authority,England,East of England,Essex,Primary,94.7388662891367,3.92923754934066,1.33189616152269,
202526,Local authority,England,North East,Stockton-on-Tees,Primary,94.9799023112408,3.4457941648595,1.57430352389968,
202526,Local authority,England,London,Lewisham,Primary,94.9763876922101,3.44882414195929,1.57478816583061,
202526,Local authority,England,London,Kingston upon Thames,Primary,95.4903000374572,3.1587080710275,1.35099189151531,
202526,Local authority,England,East Midlands,North Northamptonshire,Primary,94.7512375366862,3.93326695143609,1.31549551187772,
202526,Local authority,England,South East,Portsmouth,Primary,94.919069989537,3.64077608544524,1.44015392501773,
202526,Local authority,England,London,Richmond upon Thames,Primary,95.8505438837192,2.93285974750985,1.21659636877099,
202526,Local authority,England,Yorkshire and The Humber,Bradford,Primary,94.2365437790917,3.72693892530416,2.03651729560417,
202526,Local authority,England,North West,Cheshire East,Primary,95.5100184509082,3.63425138193641,0.855730167155357,
202526,Local authority,England,London,Newham,Primary,93.9299121793814,3.53365234768898,2.53643547292962,
202526,Local authority,England,East Midlands,West Northamptonshire,Primary,95.2048390135041,3.64175512658166,1.15340585991426,
202526,Local authority,England,North East,North Tyneside,Primary,95.0593808369821,3.4796414027714,1.46097776024652,
202526,Local authority,England,East of England,Peterborough,Primary,94.9831647986416,3.85365284031579,1.16318236104267,
202526,Local authority,England,London,Havering,Primary,95.0165235121192,3.95567500630246,1.02780148157837,
202526,Local authority,England,North West,Cheshire West and Chester,Primary,95.2131970811111,3.67001164143215,1.11679127745674,
202526,Local authority,England,London,Brent,Primary,94.9356465415031,3.6697745667919,1.39457889170496,
202526,Local authority,England,London,Hounslow,Primary,94.5224382349121,3.75625226863276,1.72130949645511,
202526,Local authority,England,London,Southwark,Primary,94.8996560174559,3.72084595780285,1.37949802474128,
202526,Local authority,England,London,Hackney,Primary,94.633572784797,3.84451858345555,1.52190863174747,
202526,Local authority,England,West Midlands,Coventry,Primary,94.444177661871,3.96969733038203,1.58612500774696,
202526,Local authority,England,North West,Knowsley,Primary,93.5886458102137,3.48077999838583,2.9305741914005,
202526,Local authority,England,Yorkshire and The Humber,North East Lincolnshire,Primary,94.8433379122078,3.2772057578619,1.8794563299303,
202526,Local authority,England,South West,Devon,Primary,94.8868651115535,4.07703463363076,1.03610025481569,
202526,Local authority,England,Yorkshire and The Humber,"Kingston upon Hull, City of",Primary,94.7582184574176,3.47004292671306,1.77173861586929,
202526,Local authority,England,Yorkshire and The Humber,Barnsley,Primary,94.9131799970926,3.39916402682318,1.6876559760842,
202526,Local authority,England,Yorkshire and The Humber,Sheffield,Primary,94.4307321767272,3.60697863778149,1.9622891854913,
202526,Local authority,England,South West,Somerset,Primary,94.6816097358543,4.07818416178935,1.24020610235631,
202526,Local authority,England,East of England,Norfolk,Primary,94.7461206483875,3.9791502731451,1.2747290784674,
202526,Local authority,England,East of England,Hertfordshire,Primary,95.1189987711976,3.88937334681362,0.991627881988814,
202526,Local authority,England,Yorkshire and The Humber,Rotherham,Primary,94.6729709544012,3.53556718372964,1.79146186186919,
202526,Local authority,England,London,Wandsworth,Primary,94.8426380810613,3.69854276611811,1.45881915282065,
202526,Local authority,England,East Midlands,Derby,Primary,94.4957658296232,3.65677669565374,1.8474574747231,
202526,Local authority,England,North West,Cumberland,Primary,95.2244011474209,3.75473496739984,1.02086388517929,
202526,Local authority,England,South East,Wokingham,Primary,95.6286002746755,3.48149701255968,0.889902712764778,
202526,Local authority,England,North West,Manchester,Primary,94.3962826383473,3.64976862140187,1.95394874025082,
202526,Local authority,England,North West,Bury,Primary,94.966031864424,3.79647448488946,1.2374936506865,
202526,Local authority,England,South East,Oxfordshire,Primary,95.1296598615495,3.85115923136811,1.01918090708239,
202526,Local authority,England,London,Kensington and Chelsea,Primary,94.2930098036069,4.37185947569069,1.33513072070241,
202526,Local authority,England,North West,Liverpool,Primary,94.4512148053643,3.06224397106609,2.48654122356958,
202526,Local authority,England,North West,Lancashire,Primary,94.9532631490677,3.79154237431481,1.25519447661751,
202526,Local authority,England,North West,Salford,Primary,94.4420362094867,3.60196754909512,1.9559962414182,
202526,Local authority,England,North West,Halton,Primary,94.5714190190681,3.78963791777646,1.63894306315543,
202526,Local authority,England,North West,Oldham,Primary,94.7719120995629,3.36397696285628,1.8641109375808,
202526,Local authority,England,East Midlands,Leicestershire,Primary,95.4142463218932,3.59972247303201,0.986031205074814,
202526,Local authority,England,Yorkshire and The Humber,North Yorkshire,Primary,95.197766042975,3.69510375751822,1.10713019950675,
202526,Local authority,England,West Midlands,Birmingham,Primary,94.271342255999,3.91391574908125,1.81474199491972,
202526,Local authority,England,East Midlands,Nottinghamshire,Primary,95.2399102657308,3.45156776416811,1.30852197010109,
202526,Local authority,England,London,Westminster,Primary,94.0808860237737,4.09019224319571,1.82892173303055,
202526,Local authority,England,London,Barking and Dagenham,Primary,94.6827682339706,3.69507366718548,1.62215809884394,
202526,Local authority,England,London,Enfield,Primary,94.6817306200548,3.72606596162797,1.59220341831722,
202526,Local authority,England,London,Bromley,Primary,95.41060134263,3.47936372657679,1.11003493079324,
202526,Local authority,England,Yorkshire and The Humber,Calderdale,Primary,94.9754396519579,3.79142973049842,1.23313061754372,
202526,Local authority,England,North East,Middlesbrough,Primary,94.7356915272672,3.31722156755615,1.94708690517664,
202526,Local authority,England,West Midlands,Solihull,Primary,94.9899480337493,3.75588520134948,1.25416676490118,
202526,Local authority,England,South West,"Bristol, City of",Primary,94.3629225307245,3.99959827501727,1.63747919425824,
202526,Local authority,England,Yorkshire and The Humber,York,Primary,94.9620189483742,3.71753721855194,1.32044383307391,
202526,Local authority,England,South West,Plymouth,Primary,94.8951788432017,3.86102880247512,1.24379235432319,
202526,Local authority,England,North West,St. Helens,Primary,95.0481063889201,3.45838334971332,1.49351026136656,
202526,Local authority,England,South East,Isle of Wight,Primary,94.1058310565638,4.58210157083362,1.31206737260253,
202526,Local authority,England,London,Haringey,Primary,94.729714268804,3.58173536793574,1.68855036326028,
202526,Local authority,England,London,Merton,Primary,95.3322989009406,3.48154528592952,1.18615581312989,
202526,Local authority,England,East Midlands,Rutland,Primary,95.6230503788344,3.7495078626184,0.627441758547157,
202526,Local authority,England,North West,Blackpool,Primary,94.4989118001356,3.11255529573729,2.38853290412706,
202526,Local authority,England,South West,Dorset,Primary,94.6782114314609,4.01745788741087,1.3043306811282,
202526,Local authority,England,North West,Bolton,Primary,94.8228223752586,3.73014125405848,1.44703637068295,
202526,Local authority,England,South West,South Gloucestershire,Primary,95.1544496368947,3.60366348900629,1.24188687409903,
202526,Local authority,England,South East,Medway,Primary,94.5508488634696,3.9830372523383,1.46611388419211,
202526,Local authority,England,West Midlands,Staffordshire,Primary,95.4109217675978,3.63342581263164,0.955652419770588,
202526,Local authority,England,South West,North Somerset,Primary,95.0946446510551,3.77423471809288,1.13112063085204,
202526,Local authority,England,Yorkshire and The Humber,North Lincolnshire,Primary,94.8708656884189,3.53099763631528,1.59813667526582,
202526,Local authority,England,Yorkshire and The Humber,Kirklees,Primary,94.9394785472902,3.73761307942812,1.32290837328171,
202526,Local authority,England,London,Islington,Primary,94.0519008567226,3.99800094299409,1.95009820028335,
202526,Local authority,England,North East,Newcastle upon Tyne,Primary,94.6560733494983,3.53007636592565,1.81385028457599,
202526,Local authority,England,North East,Northumberland,Primary,94.8380121964412,3.59837109208978,1.56361671146903,
202526,Local authority,England,London,Ealing,Primary,94.9745989546207,3.65155706738368,1.37384397799561,
202526,Local authority,England,North East,South Tyneside,Primary,94.604973924927,4.26592545558858,1.12910061948443,
202526,Local authority,England,North East,Gateshead,Primary,95.0851486344612,3.67829661465739,1.23655475088145,
202526,Local authority,England,East of England,Thurrock,Primary,95.0933097878962,3.32414401692553,1.58254619517828,
202526,Local authority,England,East Midlands,Leicester,Primary,94.6500483688259,3.47317631687135,1.87677531430277,
202526,Local authority,England,London,Lambeth,Primary,94.5329348063096,3.53345451895929,1.93361067473113,
202526,Local authority,England,South East,Brighton and Hove,Primary,94.473601808247,4.31237281568235,1.21402537607062,
202526,Local authority,England,South East,Windsor and Maidenhead,Primary,95.3480399231734,3.65383633275232,0.998123744074251,
202526,Local authority,England,East of England,Bedford,Primary,95.2416548794318,3.69991141443058,1.05843370613765,
202526,Local authority,England,London,Harrow,Primary,95.3819764595098,3.63675296085314,0.981270579637085,
202526,Local authority,England,South West,Bath and North East Somerset,Primary,95.3843573084609,3.64026541548716,0.975377276051886,
202526,Local authority,England,West Midlands,Worcestershire,Primary,95.0374834158642,3.77746685491917,1.18504972921659,
202526,Local authority,England,North East,County Durham,Primary,94.679994886836,3.96633254082424,1.35367257233976,
202526,Local authority,England,Yorkshire and The Humber,East Riding of Yorkshire,Primary,95.2709726258787,3.54038537780677,1.18864199631457,
202526,Local authority,England,West Midlands,Telford and Wrekin,Primary,95.0316344162384,3.6564976285738,1.31186795518777,
202526,Local authority,England,East Midlands,Lincolnshire,Primary,95.1704010817447,3.71875865433495,1.11084026392036,
202526,Local authority,England,South East,East Sussex,Primary,94.3076297084228,4.23827384332096,1.45409644825628,
202526,Local authority,England,London,Camden,Primary,94.3704972949716,4.31808766377423,1.31141504125415,
202526,Local authority,England,London,Hillingdon,Primary,94.1951413779371,4.12525314149656,1.67960548056636,
202526,Local authority,England,East of England,Luton,Primary,94.8768391488861,3.81979011678586,1.30337073432804,
202526,Local authority,England,South East,West Sussex,Primary,94.9163720434842,4.00328392533976,1.08034403117604,
202526,Local authority,England,North West,Blackburn with Darwen,Primary,95.0574487833417,3.43917794854286,1.50337326811548,
202526,Local authority,England,Yorkshire and The Humber,Doncaster,Primary,95.0047240764631,3.36699182052257,1.62828410301431,
202526,Local authority,England,London,City of London,Primary,c,c,c,
202526,Local authority,England,East Midlands,Nottingham,Primary,94.1438278644433,3.3779709521248,2.47820118343195,
202526,Local authority,England,London,Hammersmith and Fulham,Primary,94.8635199131314,3.80912977664612,1.32735031022243,
202526,Local authority,England,West Midlands,Dudley,Primary,94.7052920331714,3.67293988744065,1.62176807938793,
202526,Local authority,England,South West,Torbay,Primary,94.4966211732005,4.22260632275897,1.28077250404054,
202526,Local authority,England,South East,Kent,Primary,94.5739158359168,3.90887592986487,1.51720823421832,
202526,Local authority,England,North West,Trafford,Primary,95.8894539436966,3.15786597854919,0.952680077754207,
202526,Local authority,England,East of England,Cambridgeshire,Primary,94.9677874914037,4.08459936567692,0.947613142919351,
202526,Local authority,England,East of England,Suffolk,Primary,94.9844779292203,3.8361506161418,1.17937145463795,
202526,Local authority,England,South East,Reading,Primary,94.6768059578537,3.64385877557637,1.67933526656995,
202526,Local authority,England,South East,Surrey,Primary,95.3019503772185,3.71669493285857,0.981354689922968,
202526,Local authority,England,London,Waltham Forest,Primary,94.9476923330245,3.32693580708704,1.72537185988849,
202526,Regional,England,Yorkshire and The Humber,,Primary,94.7766485607268,3.58974194359386,1.63360949567935,
202526,Regional,England,North East,,Primary,94.7801290033736,3.69651663487837,1.52335436174798,
202526,Regional,England,South West,,Primary,94.9411223544204,3.89825361446609,1.16062403111347,
202526,Regional,England,East Midlands,,Primary,95.0236329407181,3.63796012848861,1.33840693079328,
202526,Regional,England,South East,,Primary,94.9697372763828,3.85257573018968,1.17768699342754,
202526,Regional,England,London,,Primary,94.818993058427,3.67482403191151,1.50618290966152,
202526,Regional,England,West Midlands,,Primary,94.7913057422843,3.74042361747231,1.46827064024336,
202526,Regional,England,North West,,Primary,94.918778433895,3.5586123330538,1.52260923305119,
202526,Regional,England,East of England,,Primary,94.9296334139952,3.88279401363861,1.18757257236623,
202526,National,England,,,Primary,94.8905225168361,3.72734879556399,1.38212868759991,
202526,Local authority,England,North West,Halton,Secondary,90.0701900909049,4.91231770420166,5.01749220489349,
202526,Local authority,England,London,Croydon,Secondary,92.1358592553232,4.28958341691304,3.57455732776372,
202526,Local authority,England,North East,Newcastle upon Tyne,Secondary,90.5342687217836,4.17898996148175,5.28674131673462,
202526,Local authority,England,West Midlands,Wolverhampton,Secondary,92.5042598497072,3.6824000047451,3.81334014554768,
202526,Local authority,England,London,Newham,Secondary,92.9785676125829,3.57080230036768,3.45063008704943,
202526,Local authority,England,London,Hounslow,Secondary,93.0939374541202,4.17295211869256,2.73311042718729,
202526,Local authority,England,South West,Devon,Secondary,90.2987543998694,6.52223237247662,3.17901322765401,
202526,Local authority,England,East of England,Cambridgeshire,Secondary,91.8687083143187,6.01129403353733,2.11999765214398,
202526,Local authority,England,West Midlands,Solihull,Secondary,91.7460663417316,5.40378388093408,2.85014977733427,
202526,Local authority,England,Yorkshire and The Humber,Kirklees,Secondary,92.4023638809885,4.77254628131546,2.82508983769607,
202526,Local authority,England,Yorkshire and The Humber,Bradford,Secondary,89.472818927185,5.1279031906006,5.39927788221441,
202526,Local authority,England,North West,Blackburn with Darwen,Secondary,91.4287283166219,4.89344061292751,3.67783107045058,
202526,Local authority,England,West Midlands,"Herefordshire, County of",Secondary,92.159399441368,6.18024176154496,1.66035879708699,
202526,Local authority,England,South East,Bracknell Forest,Secondary,92.5776605580174,5.48505596059522,1.93728348138742,
202526,Local authority,England,South West,Wiltshire,Secondary,91.2806503980232,5.88474319329646,2.83460640868029,
202526,Local authority,England,North West,Cumberland,Secondary,91.2639992796908,5.67127282009979,3.06472790020946,
202526,Local authority,England,South East,Oxfordshire,Secondary,91.0052500636668,6.14814778537426,2.84660215095892,
202526,Local authority,England,North West,Cheshire East,Secondary,92.4480957444596,5.928252341091,1.62365191444939,
202526,Local authority,England,East Midlands,North Northamptonshire,Secondary,91.3528120691319,5.42165966940692,3.22552826146116,
202526,Local authority,England,North East,Stockton-on-Tees,Secondary,91.4011905034541,4.48320427031373,4.11560522623217,
202526,Local authority,England,South East,Reading,Secondary,92.0266596453762,5.02913592574439,2.94420442887937,
202526,Local authority,England,South East,Hampshire,Secondary,91.7551186696118,5.98619058765689,2.25869074273135,
202526,Local authority,England,West Midlands,Worcestershire,Secondary,91.8408664357297,6.06634337197491,2.09279019229536,
202526,Local authority,England,South East,Portsmouth,Secondary,90.5880781145571,5.15073108290093,4.26119080254198,
202526,Local authority,England,North West,Blackpool,Secondary,92.1385452806701,3.38145830805761,4.47999641127228,
202526,Local authority,England,North East,North Tyneside,Secondary,91.9881896451133,5.00867756815399,3.0031327867327,
202526,Local authority,England,South East,Wokingham,Secondary,93.1371149016658,5.10679839778062,1.75608670055361,
202526,Local authority,England,South West,Isles of Scilly,Secondary,c,c,c,
202526,Local authority,England,London,Richmond upon Thames,Secondary,93.3799738724151,3.84458576770781,2.77544035987707,
202526,Local authority,England,West Midlands,Staffordshire,Secondary,92.616522813927,5.22637064726289,2.15710653881009,
202526,Local authority,England,Yorkshire and The Humber,Calderdale,Secondary,92.391828383163,4.82008529916971,2.78808631766726,
202526,Local authority,England,Yorkshire and The Humber,North Lincolnshire,Secondary,91.5802507523271,4.78512931090194,3.63461993677091,
202526,Local authority,England,West Midlands,Coventry,Secondary,91.1227295684543,5.07401594084847,3.8032544906972,
202526,Local authority,England,Yorkshire and The Humber,Doncaster,Secondary,91.8213125362647,4.26383243065182,3.91485503308346,
202526,Local authority,England,East of England,Thurrock,Secondary,93.0231451918135,3.83260750088462,3.14424730730192,
202526,Local authority,England,South East,Slough,Secondary,92.8794527586761,5.13346640304771,1.98708083827619,
202526,Local authority,England,Yorkshire and The Humber,Wakefield,Secondary,90.6697489761434,4.98713019446115,4.34312082939542,
202526,Local authority,England,South East,Isle of Wight,Secondary,90.2196235335593,7.74821588325701,2.03216058318373,
202526,Local authority,England,South East,Milton Keynes,Secondary,92.2930482041639,5.16374721484547,2.54320458099066,
202526,Local authority,England,North West,Knowsley,Secondary,88.9099878504801,3.66786172179962,7.4221504277203,
202526,Local authority,England,London,Barking and Dagenham,Secondary,93.5632137812871,3.72239939976744,2.71438681894546,
202526,Local authority,England,Yorkshire and The Humber,Leeds,Secondary,91.3564836794383,4.12039234993816,4.52312397062358,
202526,Local authority,England,North West,Liverpool,Secondary,90.5449864696539,4.09095392736568,5.36405960298044,
202526,Local authority,England,North West,Salford,Secondary,90.7082941708489,4.49458781854617,4.79711801060491,
202526,Local authority,England,London,Redbridge,Secondary,93.4706155626674,4.36178637600995,2.16759806132263,
202526,Local authority,England,East Midlands,Nottinghamshire,Secondary,91.9516798618892,4.85390592368626,3.19441421442459,
202526,Local authority,England,South East,West Sussex,Secondary,91.7451925201681,5.78926240821765,2.46554507161421,
202526,Local authority,England,London,Southwark,Secondary,93.1824456670019,3.99146472070986,2.8260896122882,
202526,Local authority,England,South West,Cornwall,Secondary,90.816016857215,6.10826359682639,3.07571954595857,
202526,Local authority,England,North West,Bolton,Secondary,91.9051295790821,4.90430813864149,3.19056228227646,
202526,Local authority,England,London,Merton,Secondary,93.5148008438046,4.08262917116834,2.40256998502702,
202526,Local authority,England,South West,"Bournemouth, Christchurch and Poole",Secondary,92.342968315731,5.21322631883418,2.44380536543485,
202526,Local authority,England,North West,Sefton,Secondary,90.0423680668706,5.30065865534977,4.65697327777966,
202526,Local authority,England,London,Kingston upon Thames,Secondary,93.9292721720175,4.12379768250519,1.94693014547728,
202526,Local authority,England,London,Lewisham,Secondary,93.4402549712138,3.37540421223478,3.18434081655144,
202526,Local authority,England,North East,Redcar and Cleveland,Secondary,90.4381004753094,5.05153128951051,4.51036823518011,
202526,Local authority,England,Yorkshire and The Humber,North East Lincolnshire,Secondary,89.9470938880844,5.46849840843518,4.58440770348041,
202526,Local authority,England,North East,Hartlepool,Secondary,90.7692652453774,4.18227092552534,5.04846382909728,
202526,Local authority,England,South West,"Bristol, City of",Secondary,89.6631620645888,6.56416893594406,3.77266899946716,
202526,Local authority,England,South West,Bath and North East Somerset,Secondary,91.7173786948371,5.79853136828421,2.48408993687867,
202526,Local authority,England,London,Hammersmith and Fulham,Secondary,93.4525554780818,4.24616219834003,2.3012823235782,
202526,Local authority,England,West Midlands,Stoke-on-Trent,Secondary,91.1171952538128,4.67065313168357,4.21215161450362,
202526,Local authority,England,North West,Stockport,Secondary,91.7255482469341,5.36687468919323,2.9075770638727,
202526,Local authority,England,East of England,Suffolk,Secondary,91.0109218351271,5.86305846766964,3.12601969720321,
202526,Local authority,England,South East,Southampton,Secondary,89.8229945215073,5.6408936386478,4.53611183984492,
202526,Local authority,England,South West,Plymouth,Secondary,90.5734461985798,6.03056650431891,3.39598729710133,
202526,Local authority,England,London,Kensington and Chelsea,Secondary,92.2029075639856,4.06923888141387,3.7278535546005,
202526,Local authority,England,West Midlands,Shropshire,Secondary,91.4111875590223,6.1182040055435,2.47060843543422,
202526,Local authority,England,London,Ealing,Secondary,92.9885633156029,4.35200835913769,2.65942832525944,
202526,Local authority,England,West Midlands,Telford and Wrekin,Secondary,92.3267305204651,4.69861173361381,2.9746577459211,
202526,Local authority,England,North East,Middlesbrough,Secondary,90.2540699625295,4.20491408356006,5.54101595391046,
202526,Local authority,England,London,Bromley,Secondary,93.043406549657,4.71716355942807,2.23942989091488,
202526,Local authority,England,South West,Somerset,Secondary,90.5752962319104,6.36777322889226,3.05693053919738,
202526,Local authority,England,London,Waltham Forest,Secondary,92.6345186519567,3.93268142352356,3.43279992451975,
202526,Local authority,England,South East,East Sussex,Secondary,90.9627872080105,5.7266874281758,3.31052536381366,
202526,Local authority,England,North West,Lancashire,Secondary,91.8003805022647,5.6478411534614,2.5517783442739,
202526,Local authority,England,Yorkshire and The Humber,North Yorkshire,Secondary,91.4366241632579,6.02376814404198,2.53960769270013,
202526,Local authority,England,London,Barnet,Secondary,93.7303942420819,4.2287678943643,2.04083786355378,
202526,Local authority,England,West Midlands,Dudley,Secondary,91.7529355024245,4.81538883004055,3.43167566753496,
202526,Local authority,England,South West,Dorset,Secondary,91.4595487045254,5.86665082839841,2.67380046707617,
202526,Local authority,England,East of England,Essex,Secondary,91.6173525743357,5.04669973541822,3.33594769024605,
202526,Local authority,England,Yorkshire and The Humber,Sheffield,Secondary,90.5702907330704,4.55597612111631,4.87373314581332,
202526,Local authority,England,London,Hillingdon,Secondary,92.1599626676615,5.15724749522213,2.68278983711633,
202526,Local authority,England,London,Greenwich,Secondary,92.633377176566,3.81960464312241,3.54701818031156,
202526,Local authority,England,East Midlands,Derbyshire,Secondary,91.8052504840358,5.33490135495633,2.85984816100792,
202526,Local authority,England,London,Hackney,Secondary,92.3608404640176,4.30180089375936,3.33735864222299,
202526,Local authority,England,East Midlands,Nottingham,Secondary,91.3926933703969,3.90699052683588,4.70031610276718,
202526,Local authority,England,North West,St. Helens,Secondary,91.1300144001051,4.86645145763403,4.00353414226084,
202526,Local authority,England,East Midlands,Leicester,Secondary,92.3612404855478,4.19677072928184,3.44198878517033,
202526,Local authority,England,South East,West Berkshire,Secondary,91.6068399964054,6.1483939160092,2.24476608758539,
202526,Local authority,England,West Midlands,Birmingham,Secondary,92.3135979802906,4.50236917421948,3.18403284548997,
202526,Local authority,England,London,Haringey,Secondary,92.7557164390661,4.61784513377994,2.626438427154,
202526,Local authority,England,North West,Trafford,Secondary,93.869779726986,4.79884749374137,1.33137277927259,
202526,Local authority,England,North West,Warrington,Secondary,92.5965272430388,4.71971150090462,2.68376125605656,
202526,Local authority,England,London,Sutton,Secondary,93.9651581707207,4.22229446571682,1.81254736356243,
202526,Local authority,England,North West,Cheshire West and Chester,Secondary,90.9552133070084,5.98066985861265,3.06411683437897,
202526,Local authority,England,South West,South Gloucestershire,Secondary,91.1533750309219,6.11515639336037,2.73146857571769,
202526,Local authority,England,North West,Wigan,Secondary,91.8876977003552,5.16208984342247,2.9502124562223,
202526,Local authority,England,North East,Northumberland,Secondary,91.28938448872,5.54891318031178,3.16170233096818,
202526,Local authority,England,South West,North Somerset,Secondary,91.006107583746,6.20040290742547,2.79348950882848,
202526,Local authority,England,East Midlands,Lincolnshire,Secondary,92.0036942806373,5.66287942919659,2.33342629016608,
202526,Local authority,England,North West,Rochdale,Secondary,91.3088900730609,4.23610599770583,4.45500392923326,
202526,Local authority,England,London,Bexley,Secondary,93.2166480837043,4.58156023580429,2.20179168049136,
202526,Local authority,England,East Midlands,West Northamptonshire,Secondary,92.0867648020519,5.08463164251625,2.8286035554318,
202526,Local authority,England,South East,Surrey,Secondary,92.8976613644516,5.04237005072533,2.05996858482304,
202526,Local authority,England,North East,Sunderland,Secondary,90.4540194195973,4.48676599500501,5.05921458539766,
202526,Local authority,England,North West,Bury,Secondary,91.422799941212,5.09035387102569,3.4868461877623,
202526,Local authority,England,North West,Tameside,Secondary,91.2217138123918,4.1878776689437,4.59040851866452,
202526,Local authority,England,North East,Gateshead,Secondary,91.0145536012334,4.8629814062172,4.12246499254941,
202526,Local authority,England,North East,South Tyneside,Secondary,90.3290534075074,6.79432160932003,2.87662498317258,
202526,Local authority,England,West Midlands,Walsall,Secondary,91.0376692032157,4.13410264979385,4.82822814699048,
202526,Local authority,England,North West,Manchester,Secondary,92.4533804747493,3.64306299342777,3.90355653182297,
202526,Local authority,England,South East,Windsor and Maidenhead,Secondary,92.3094121937867,5.59765213263876,2.09293567357453,
202526,Local authority,England,South East,Medway,Secondary,92.5890994927554,4.7423974513782,2.6685030558664,
202526,Local authority,England,East of England,Peterborough,Secondary,92.0859770436447,5.24231977141279,2.67170318494252,
202526,Local authority,England,West Midlands,Warwickshire,Secondary,91.1167936287035,6.02668006479432,2.85652630650216,
202526,Local authority,England,Yorkshire and The Humber,Barnsley,Secondary,89.979812595223,5.51903209166843,4.5011553131086,
202526,Local authority,England,East Midlands,Derby,Secondary,91.4346947265447,5.37371773733069,3.19158753612459,
202526,Local authority,England,London,Wandsworth,Secondary,92.9902277929472,4.41130083054136,2.59847137651143,
202526,Local authority,England,East Midlands,Rutland,Secondary,92.5312691830513,5.06821072152879,2.4005200954199,
202526,Local authority,England,London,Tower Hamlets,Secondary,93.4613653708533,3.87498022383747,2.66365440530927,
202526,Local authority,England,London,Islington,Secondary,91.5032828707137,3.69943777493082,4.79727935435551,
202526,Local authority,England,East Midlands,Leicestershire,Secondary,91.7541147728876,5.73394850225809,2.51193672485434,
202526,Local authority,England,East of England,Southend-on-Sea,Secondary,92.6850274172062,4.82120913051239,2.49376345228137,
202526,Local authority,England,East of England,Bedford,Secondary,91.9368834613478,5.40912008274749,2.65399645590466,
202526,Local authority,England,East of England,Hertfordshire,Secondary,92.5279332163651,5.44289986360295,2.02916692003198,
202526,Local authority,England,London,Lambeth,Secondary,92.6249723862014,4.30402901748697,3.07099859631161,
202526,Local authority,England,East of England,Central Bedfordshire,Secondary,92.5752179426698,5.44237960433018,1.98240245300006,
202526,Local authority,England,South East,Brighton and Hove,Secondary,89.8830902425373,6.785403959214,3.33150579824872,
202526,Local authority,England,East of England,Norfolk,Secondary,91.1852337523661,6.03081225390225,2.78395399373161,
202526,Local authority,England,South West,Gloucestershire,Secondary,91.8200087819167,6.15883640017564,2.02115481790766,
202526,Local authority,England,London,Camden,Secondary,90.4671648738435,5.94904853906697,3.58378658708955,
202526,Local authority,England,South West,Swindon,Secondary,91.8623343816854,5.15834146033533,2.97932415797929,
202526,Local authority,England,North East,County Durham,Secondary,91.725606566423,5.19243170952842,3.08196172404859,
202526,Local authority,England,London,Havering,Secondary,93.1799431106153,4.63971688693153,2.18034000245317,
202526,Local authority,England,North West,Westmorland and Furness,Secondary,91.7314419954811,6.20813694243689,2.06042106208197,
202526,Local authority,England,London,Brent,Secondary,93.3906734137662,4.20471271873656,2.40461386749727,
202526,Local authority,England,London,Westminster,Secondary,92.9378306966676,4.16752959568157,2.89463970765078,
202526,Local authority,England,Yorkshire and The Humber,East Riding of Yorkshire,Secondary,92.0701705600524,5.30786672892639,2.62196271102118,
202526,Local authority,England,West Midlands,Sandwell,Secondary,92.0714542472289,4.10899910805097,3.81954664472017,
202526,Local authority,England,Yorkshire and The Humber,"Kingston upon Hull, City of",Secondary,91.3073588127682,4.00811085300683,4.68453033422502,
202526,Local authority,England,North East,Darlington,Secondary,91.619764430347,5.06398357299108,3.31625199666188,
202526,Local authority,England,North West,Wirral,Secondary,91.1455633860848,5.27409376663003,3.58034284728517,
202526,Local authority,England,Yorkshire and The Humber,York,Secondary,90.4674464063035,5.30772971633044,4.22482387736604,
202526,Local authority,England,North West,Oldham,Secondary,92.0188814911158,3.90843844789577,4.07268006098844,
202526,Local authority,England,London,Enfield,Secondary,92.8831647946243,4.12114082432604,2.99569438104963,
202526,Local authority,England,London,Harrow,Secondary,93.3634156398718,4.68907815075014,1.94750620937805,
202526,Local authority,England,South West,Torbay,Secondary,90.918139769543,6.35737501582309,2.72448521463392,
202526,Local authority,England,East of England,Luton,Secondary,92.7237594823671,4.59300931186798,2.68323120576488,
202526,Local authority,England,South East,Kent,Secondary,92.0353810656184,5.15681006892112,2.80780886546044,
202526,Local authority,England,South East,Buckinghamshire,Secondary,92.4126196932566,5.81627476444668,1.77110554229674,
202526,Local authority,England,Yorkshire and The Humber,Rotherham,Secondary,91.0275850417071,4.1502952004567,4.8221197578362,
202526,Regional,England,North West,,Secondary,91.6074790812111,4.94297369694236,3.44954722184657,
202526,Regional,England,South East,,Secondary,91.8852621517473,5.5592018910233,2.55553595722936,
202526,Regional,England,North East,,Secondary,91.072698786949,4.94364104975832,3.98366016329265,
202526,Regional,England,Yorkshire and The Humber,,Secondary,91.0997703437941,4.82587409997963,4.07435555622627,
202526,Regional,England,West Midlands,,Secondary,91.9081305632909,5.02073339328973,3.07113604341934,
202526,Regional,England,South West,,Secondary,91.0615234967797,6.07358727614338,2.86488922707688,
202526,Regional,England,East Midlands,,Secondary,91.8373491979741,5.16397517414662,2.99867562787932,
202526,Regional,England,East of England,,Secondary,91.9187736636104,5.40866990833634,2.67255642805331,
202526,Regional,England,London,,Secondary,93.0363674114902,4.23166305072293,2.73196953778685,
202526,National,England,,,Secondary,91.8214593986387,5.11512523143851,3.06341536992281,
202526,Local authority,England,South West,Swindon,Special,88.2602601212511,7.85918561304686,3.8805542657021,
202526,Local authority,England,North East,South Tyneside,Special,89.3862068552898,8.20863821563829,2.40515492907186,
202526,Local authority,England,South East,Kent,Special,85.2764650728809,11.0918058841379,3.63172904298128,
202526,Local authority,England,East Midlands,Leicester,Special,80.912497578458,13.7101656334754,5.37733678806664,
202526,Local authority,England,London,Greenwich,Special,87.5523308343276,10.9082632715134,1.53940589415895,
202526,Local authority,England,London,Hackney,Special,89.8294084924903,8.27840803735482,1.89218347015491,
202526,Local authority,England,East Midlands,Derby,Special,85.2988167260152,10.9061636212045,3.79501965278034,
202526,Local authority,England,Yorkshire and The Humber,Calderdale,Special,89.5142535359593,9.40045927247729,1.08528719156343,
202526,Local authority,England,South West,Somerset,Special,81.9909818610976,14.4925212304693,3.51649690843318,
202526,Local authority,England,North East,County Durham,Special,87.0087095440927,8.9164145032005,4.07487595270677,
202526,Local authority,England,Yorkshire and The Humber,Bradford,Special,85.655433149453,9.57913635895183,4.7654304915952,
202526,Local authority,England,East Midlands,Derbyshire,Special,89.8023112187938,7.80273878239388,2.39494999881232,
202526,Local authority,England,North West,Bury,Special,85.2142338416848,12.3270048760245,2.45876128229069,
202526,Local authority,England,North East,Redcar and Cleveland,Special,87.2807855119514,9.58894299627614,3.13027149177249,
202526,Local authority,England,East of England,Hertfordshire,Special,87.3694072811494,9.8573668609135,2.77322585793705,
202526,Local authority,England,North West,Stockport,Special,86.5603972089698,10.4224618875196,3.01714090351054,
202526,Local authority,England,London,Richmond upon Thames,Special,90.3116343490305,7.41689750692521,2.27146814404432,
202526,Local authority,England,London,Hounslow,Special,89.727410726256,7.44895708546147,2.82363218828251,
202526,Local authority,England,West Midlands,Staffordshire,Special,90.1458329765131,7.41443890073898,2.43972812274792,
202526,Local authority,England,North West,Cheshire West and Chester,Special,88.9440501100945,8.31281882957918,2.74313106032632,
202526,Local authority,England,London,Bexley,Special,86.67479488938,9.83133937869898,3.49386573192105,
202526,Local authority,England,West Midlands,Walsall,Special,88.8092767191445,7.60670361456424,3.5840196662913,
