time_period,geographic_level,country_name,region_name,la_name,school_type,attendance_perc,authorised_absence_perc,unauthorised_absence_perc,pa_perc
202526,Local authority,England,London,Tower Hamlets,Primary,93.8631679134789,4.46524485614171,1.67158723037938,
202526,Local authority,England,West Midlands,Walsall,Primary,94.4976182777276,3.40371519717379,2.09866652509857,
202526,Local authority,England,London,Bexley,Primary,95.1543047968559,3.5191670634335,1.3265281397106,
202526,Local authority,England,West Midlands,Warwickshire,Primary,94.9022763518593,4.00129470841066,1.09642893972999,
202526,Local authority,England,South East,Bracknell Forest,Primary,95.6147616570275,3.50789981470917,0.877338528263297,
202526,Local authority,England,South West,Cornwall,Primary,94.5394309771032,4.21909431642639,1.24147470647038,
202526,Local authority,England,South East,Hampshire,Primary,95.4524963985479,3.66993070490731,0.877572896544771,
202526,Local authority,England,North East,Darlington,Primary,94.2680846786604,4.34021379265743,1.39170152868217,
202526,Local authority,England,South East,Slough,Primary,94.3564817042848,4.30923849399233,1.33427980172289,
202526,Local authority,England,North West,Stockport,Primary,95.125948798474,3.67782083944789,1.1962303620781,
202526,Local authority,England,North West,Sefton,Primary,94.8037711634699,3.78062887144141,1.41559996508865,
202526,Local authority,England,London,Barnet,Primary,95.3071594059188,3.63870846584972,1.05413212823152,
202526,Local authority,England,North West,Wirral,Primary,94.5617156716248,3.96333161168815,1.47495271668709,
202526,Local authority,England,East of England,Southend-on-Sea,Primary,94.7327248911124,3.90500840610963,1.36226670277802,
202526,Local authority,England,South East,Buckinghamshire,Primary,94.980148695143,3.97598328848651,1.04386801637052,
202526,Local authority,England,North East,Sunderland,Primary,94.7192032756873,3.76273389887701,1.51806282543567,
202526,Local authority,England,London,Sutton,Primary,95.1913990015339,3.60705216956689,1.20154882889922,
202526,Local authority,England,West Midlands,Wolverhampton,Primary,94.462460997289,3.62894732355167,1.90859167915934,
202526,Local authority,England,London,Redbridge,Primary,94.5605253350347,3.81211619162285,1.62735847334243,
202526,Local authority,England,London,Greenwich,Primary,94.9367494701553,3.2462675985938,1.81698293125094,
202526,Local authority,England,Yorkshire and The Humber,Wakefield,Primary,94.7324862848792,3.89084934915959,1.37666436596122,
202526,Local authority,England,South East,West Berkshire,Primary,95.2424682858086,3.90289308306921,0.854638631122158,
202526,Local authority,England,South West,Gloucestershire,Primary,95.0579250387249,3.9894726148075,0.95260234646765,
202526,Local authority,England,South West,Swindon,Primary,95.2577004582015,3.63288303416558,1.10941650763296,
202526,Local authority,England,West Midlands,Stoke-on-Trent,Primary,94.8525138513212,3.45948854839078,1.68799760028801,
202526,Local authority,England,East of England,Central Bedfordshire,Primary,95.1593855396683,3.71969763702409,1.12091682330757,
202526,Local authority,England,Yorkshire and The Humber,Leeds,Primary,94.5745788290544,3.55605970630319,1.86936146464241,
202526,Local authority,England,North East,Hartlepool,Primary,94.7992568653869,3.67173253321022,1.52901060140284,
202526,Local authority,England,West Midlands,Sandwell,Primary,94.5695749288964,3.54080886093736,1.88961621016624,
202526,Local authority,England,North West,Wigan,Primary,94.849361811152,3.80351236782038,1.34712582102762,
202526,Local authority,England,South East,Southampton,Primary,94.3437066175823,4.00027349738868,1.65601988502905,
202526,Local authority,England,London,Croydon,Primary,94.5497362795927,3.86747960348135,1.58278411692591,
202526,Local authority,England,North West,Westmorland and Furness,Primary,95.3771531213214,3.59832980062203,1.0245170780566,
202526,Local authority,England,North West,Tameside,Primary,94.9475389866348,3.34471680501767,1.70774420834754,
202526,Local authority,England,North West,Rochdale,Primary,94.6050551903059,3.42098346344251,1.97396134625155,
202526,Local authority,England,North West,Warrington,Primary,95.5930393163136,3.28628554153837,1.12067514214805,
202526,Local authority,England,North East,Redcar and Cleveland,Primary,94.5049194968742,3.57068907881673,1.9243914243091,
202526,Local authority,England,South West,Wiltshire,Primary,95.3026438901142,3.7638846034486,0.933471506437202,
202526,Local authority,England,East Midlands,Derbyshire,Primary,94.9849816404195,3.95385802495578,1.0611603346247,
202526,Local authority,England,West Midlands,"Herefordshire, County of",Primary,95.3887950583897,3.87365563901896,0.737549302591302,
202526,Local authority,England,West Midlands,Shropshire,Primary,95.0565853627426,4.03049136311891,0.912923274138464,
202526,Local authority,England,South West,"Bournemouth, Christchurch and Poole",Primary,95.2884473193824,3.64972514011292,1.06182754050471,
202526,Local authority,England,South East,Milton Keynes,Primary,95.3809375555951,3.55677617663919,1.06228626776572,
202526,Local authority,England,East of England,Essex,Primary,94.6401525854988,4.01950594707788,1.34034146742333,
202526,Local authority,England,North East,Stockton-on-Tees,Primary,94.9220602968493,3.49463251844011,1.58330718471064,
202526,Local authority,England,London,Kingston upon Thames,Primary,95.4947541325939,3.21694866724721,1.28829720015888,
202526,Local authority,England,London,Lewisham,Primary,94.8501888576802,3.55246994616029,1.59734119615951,
202526,Local authority,England,South East,Portsmouth,Primary,94.949265279525,3.64596334182688,1.40477137864817,
202526,Local authority,England,East Midlands,North Northamptonshire,Primary,94.6434963409822,4.03321941869726,1.32328424032055,
202526,Local authority,England,London,Richmond upon Thames,Primary,95.8343748053727,3.01401316199215,1.1516120326351,
202526,Local authority,England,Yorkshire and The Humber,Bradford,Primary,94.1199474600733,3.86942079565972,2.01063174426694,
202526,Local authority,England,North West,Cheshire East,Primary,95.3410702251093,3.80055024714673,0.858379527743957,
202526,Local authority,England,London,Newham,Primary,93.8630368397115,3.3720139475451,2.76494921274338,
202526,Local authority,England,East Midlands,West Northamptonshire,Primary,95.1590365369628,3.6904804066904,1.1504830563468,
202526,Local authority,England,North East,North Tyneside,Primary,94.9991855940639,3.58465297258167,1.41616143335445,
202526,Local authority,England,East of England,Peterborough,Primary,94.9596971265055,3.86730203561443,1.17300083788005,
202526,Local authority,England,North West,Cheshire West and Chester,Primary,95.0915970347558,3.79123860228901,1.11716436295524,
202526,Local authority,England,London,Havering,Primary,94.9832466680463,3.97630368946261,1.04044964249112,
202526,Local authority,England,London,Hounslow,Primary,94.5714595597057,3.71313739232067,1.71540304797358,
202526,Local authority,England,London,Brent,Primary,94.9974620510828,3.58317439577804,1.41936355313912,
202526,Local authority,England,London,Hackney,Primary,94.5739441425749,3.90653435680116,1.51952150062396,
202526,Local authority,England,London,Southwark,Primary,94.8674343164945,3.75427071660993,1.37829496689559,
202526,Local authority,England,West Midlands,Coventry,Primary,94.3846958611985,4.01289000306943,1.60241413573205,
202526,Local authority,England,Yorkshire and The Humber,North East Lincolnshire,Primary,94.6331265424272,3.42673973416132,1.94013372341149,
202526,Local authority,England,North West,Knowsley,Primary,93.4304709667683,3.64780799892687,2.9217210343048,
202526,Local authority,England,South West,Devon,Primary,94.8386959414376,4.14384574607375,1.01745831248863,
202526,Local authority,England,Yorkshire and The Humber,"Kingston upon Hull, City of",Primary,94.5704328317211,3.60624358698455,1.82332358129438,
202526,Local authority,England,Yorkshire and The Humber,Barnsley,Primary,94.7103371617182,3.54331325749709,1.74634958078467,
202526,Local authority,England,Yorkshire and The Humber,Sheffield,Primary,94.3495596343256,3.68942198132842,1.96101838434595,
202526,Local authority,England,South West,Somerset,Primary,94.6494898413914,4.11490494989931,1.23560520870932,
202526,Local authority,England,East of England,Norfolk,Primary,94.6734922089384,4.03978526730622,1.28672252375536,
202526,Local authority,England,Yorkshire and The Humber,Rotherham,Primary,94.4857658047166,3.6843284518958,1.8299057433876,
202526,Local authority,England,East Midlands,Derby,Primary,94.419043506018,3.72541472040682,1.85554177357519,
202526,Local authority,England,East of England,Hertfordshire,Primary,95.1004003054847,3.92339100297126,0.976208691544021,
202526,Local authority,England,London,Wandsworth,Primary,94.8974858629322,3.65893265332444,1.44358148374334,
202526,Local authority,England,South East,Wokingham,Primary,95.710517522979,3.45308631470594,0.836396162315063,
202526,Local authority,England,North West,Cumberland,Primary,95.1060422217953,3.81371101823161,1.08024675997307,
202526,Local authority,England,North West,Manchester,Primary,94.4037248531036,3.63812323929913,1.95815190759725,
202526,Local authority,England,North West,Bury,Primary,94.862799691148,3.89672106475423,1.24047924409779,
202526,Local authority,England,South East,Oxfordshire,Primary,95.100908388297,3.89220977003164,1.00688184167138,
202526,Local authority,England,London,Kensington and Chelsea,Primary,94.1932188036529,4.44380075627508,1.36298044007205,
202526,Local authority,England,North West,Liverpool,Primary,94.4435203547106,3.0902143376519,2.46626530763748,
202526,Local authority,England,North West,Lancashire,Primary,94.8461868865211,3.86888670043791,1.284926413041,
202526,Local authority,England,North West,Salford,Primary,94.341722553537,3.66611753864783,1.99215990781515,
202526,Local authority,England,North West,Halton,Primary,94.4071881695917,3.96754069931397,1.62527113109435,
202526,Local authority,England,North West,Oldham,Primary,94.6526346506165,3.45974199969275,1.88762334969077,
202526,Local authority,England,East Midlands,Leicestershire,Primary,95.3109910866581,3.69444423888792,0.99456467445397,
202526,Local authority,England,Yorkshire and The Humber,North Yorkshire,Primary,95.011960240391,3.84486871062615,1.1431710489828,
202526,Local authority,England,West Midlands,Birmingham,Primary,94.3376739585414,3.85587524266911,1.80645079878952,
202526,Local authority,England,East Midlands,Nottinghamshire,Primary,95.0852012676855,3.5926540522244,1.32214468009008,
202526,Local authority,England,London,Barking and Dagenham,Primary,94.7131306392082,3.66697963176628,1.61988972902548,
202526,Local authority,England,London,Westminster,Primary,94.1768613233322,4.06186919231064,1.76126948435715,
202526,Local authority,England,London,Enfield,Primary,94.6776092502278,3.72708078462285,1.59530996514934,
202526,Local authority,England,London,Bromley,Primary,95.2481761692306,3.63023177189838,1.12159205887105,
202526,Local authority,England,Yorkshire and The Humber,Calderdale,Primary,94.7905972389929,3.96563333962829,1.24376942137882,
202526,Local authority,England,North East,Middlesbrough,Primary,94.6463854360051,3.35776952463185,1.99584503936303,
202526,Local authority,England,West Midlands,Solihull,Primary,94.918303372199,3.82843555676339,1.25326107103756,
202526,Local authority,England,South West,"Bristol, City of",Primary,94.3763901504875,4.01855327205673,1.60505657745579,
202526,Local authority,England,Yorkshire and The Humber,York,Primary,94.8673013587617,3.8272685768438,1.30543006439451,
202526,Local authority,England,South West,Plymouth,Primary,94.8510297907019,3.9104492068449,1.23852100245319,
202526,Local authority,England,North West,St. Helens,Primary,94.9807224293629,3.54722501796304,1.47205255267407,
202526,Local authority,England,South East,Isle of Wight,Primary,93.9888971510822,4.64657689637946,1.36452595253837,
202526,Local authority,England,London,Haringey,Primary,94.705283155645,3.60108793316307,1.69362891119194,
202526,Local authority,England,North West,Blackpool,Primary,94.3272034135381,3.22424316486687,2.44855342159507,
202526,Local authority,England,London,Merton,Primary,95.3526094085718,3.46001074296053,1.18737984846771,
202526,Local authority,England,East Midlands,Rutland,Primary,95.5382216096909,3.79340538636105,0.668373003948064,
202526,Local authority,England,South West,Dorset,Primary,94.5598317584719,4.12309005400761,1.31707818752048,
202526,Local authority,England,North West,Bolton,Primary,94.7545074647136,3.74542418283076,1.50006835245564,
202526,Local authority,England,South West,South Gloucestershire,Primary,95.0953246441359,3.6926087241289,1.21206663173522,
202526,Local authority,England,South East,Medway,Primary,94.3808152658156,4.11177234258252,1.50741239160184,
202526,Local authority,England,West Midlands,Staffordshire,Primary,95.2011481411175,3.82382979107226,0.975022067810189,
202526,Local authority,England,South West,North Somerset,Primary,95.0040656125483,3.90024584437169,1.09568854307999,
202526,Local authority,England,Yorkshire and The Humber,North Lincolnshire,Primary,94.695178369487,3.70800913725185,1.59681249326115,
202526,Local authority,England,Yorkshire and The Humber,Kirklees,Primary,94.9053923674546,3.76837583842136,1.32623179412407,
202526,Local authority,England,London,Islington,Primary,94.0492510648466,3.99204247716797,1.95870645798545,
202526,Local authority,England,North East,Newcastle upon Tyne,Primary,94.6265711121608,3.54924224325271,1.82418664458647,
202526,Local authority,England,North East,Northumberland,Primary,94.6243614845207,3.81016011735614,1.56547839812315,
202526,Local authority,England,London,Ealing,Primary,95.0765410789821,3.53472092441761,1.38873799660027,
202526,Local authority,England,North East,Gateshead,Primary,94.9618717603295,3.76024692323268,1.27788131643782,
202526,Local authority,England,North East,South Tyneside,Primary,94.5147060045249,4.31778594393414,1.16750805154094,
202526,Local authority,England,East of England,Thurrock,Primary,94.9891113010272,3.39832511944398,1.61256357952887,
202526,Local authority,England,East Midlands,Leicester,Primary,94.7671712586723,3.41695069293326,1.81587804839443,
202526,Local authority,England,London,Lambeth,Primary,94.4464441631536,3.57702677033634,1.97652906651002,
202526,Local authority,England,South East,Windsor and Maidenhead,Primary,95.4069926482041,3.60463122569634,0.988376126099595,
202526,Local authority,England,South East,Brighton and Hove,Primary,94.4498440344313,4.35743100467439,1.19272496089426,
202526,Local authority,England,East of England,Bedford,Primary,95.2723199738359,3.70592197361282,1.0217580525513,
202526,Local authority,England,London,Harrow,Primary,95.3271361737321,3.63406647399726,1.03879735227068,
202526,Local authority,England,South West,Bath and North East Somerset,Primary,95.3967065868264,3.67087819077829,0.932415222395368,
202526,Local authority,England,West Midlands,Worcestershire,Primary,94.965934105374,3.84868840822447,1.18537748640156,
202526,Local authority,England,North East,County Durham,Primary,94.5694836635991,4.03268379997635,1.39783253642455,
202526,Local authority,England,Yorkshire and The Humber,East Riding of Yorkshire,Primary,95.1441862341688,3.61696420247083,1.23884956336032,
202526,Local authority,England,West Midlands,Telford and Wrekin,Primary,94.8827455854258,3.81223777812954,1.30501663644471,
202526,Local authority,England,East Midlands,Lincolnshire,Primary,95.0914885342802,3.78885484487746,1.11965662084237,
202526,Local authority,England,South East,East Sussex,Primary,94.2018629826934,4.3556305995441,1.44250641776246,
202526,Local authority,England,London,Camden,Primary,94.395524132492,4.27866797716842,1.32580789033958,
202526,Local authority,England,East of England,Luton,Primary,95.0659111424388,3.60651914049972,1.32756971706144,
202526,Local authority,England,London,Hillingdon,Primary,94.1910699278587,4.11132880851459,1.6976012636267,
202526,Local authority,England,South East,West Sussex,Primary,94.8587712569229,4.08728572769375,1.05394301538335,
202526,Local authority,England,North West,Blackburn with Darwen,Primary,95.0410080108184,3.44356350516062,1.51542848402102,
202526,Local authority,England,Yorkshire and The Humber,Doncaster,Primary,94.844834218246,3.48333019199886,1.67183558975513,
202526,Local authority,England,London,City of London,Primary,c,c,c,
202526,Local authority,England,East Midlands,Nottingham,Primary,94.1370900472268,3.34675681346703,2.51615313930616,
202526,Local authority,England,London,Hammersmith and Fulham,Primary,94.9264171441831,3.73715162048242,1.33643123533452,
202526,Local authority,England,West Midlands,Dudley,Primary,94.6288550988979,3.74720850748037,1.62393639362174,
202526,Local authority,England,South West,Torbay,Primary,94.4218645450925,4.28377063431871,1.29436482058883,
202526,Local authority,England,South East,Kent,Primary,94.517093087788,3.99133968913965,1.49156722307236,
202526,Local authority,England,North West,Trafford,Primary,95.8433031279164,3.18782551103351,0.968871361050065,
202526,Local authority,England,East of England,Cambridgeshire,Primary,94.9435231927567,4.12143611097159,0.935040696271692,
202526,Local authority,England,East of England,Suffolk,Primary,94.9093736269853,3.89283053904484,1.19779583396988,
202526,Local authority,England,London,Waltham Forest,Primary,94.9770747456463,3.24553083407648,1.77739442027723,
202526,Local authority,England,South East,Surrey,Primary,95.2545861748017,3.78648317458219,0.958930650616136,
202526,Local authority,England,South East,Reading,Primary,94.711221886752,3.6263468263917,1.66243128685634,
202526,Regional,England,Yorkshire and The Humber,,Primary,94.6472762870254,3.70495189099196,1.64777182198267,
202526,Regional,England,North East,,Primary,94.6822757148273,3.7751542509236,1.54257003424914,
202526,Regional,England,East Midlands,,Primary,94.9361552086593,3.72006944813951,1.34377534320115,
202526,Regional,England,South West,,Primary,94.8889633924691,3.96454182889064,1.14649477864025,
202526,Regional,England,South East,,Primary,94.9294801073499,3.91154012150899,1.15897977114111,
202526,Regional,England,London,,Primary,94.7894970182947,3.67971851978397,1.53078446192137,
202526,Regional,England,East of England,,Primary,94.8848669065432,3.92657875886621,1.18855433459062,
202526,Regional,England,West Midlands,,Primary,94.7271302326121,3.79879573016528,1.47407403722258,
202526,Regional,England,North West,,Primary,94.8209158303008,3.63891548371408,1.54016868598513,
202526,National,England,,,Primary,94.8227514917305,3.78961975425956,1.38762875400999,
202526,Local authority,England,North West,Halton,Secondary,90.184929412044,5.10964909218121,4.70542149577478,
202526,Local authority,England,London,Croydon,Secondary,92.3378618062562,4.35072875212133,3.31140944162247,
202526,Local authority,England,North East,Newcastle upon Tyne,Secondary,90.7662668416335,4.11086126868156,5.12287188968492,
202526,Local authority,England,West Midlands,Wolverhampton,Secondary,92.6474351274224,3.67851074561591,3.67405412696169,
202526,Local authority,England,London,Newham,Secondary,93.1471360635957,3.55258021375392,3.30028372265037,
202526,Local authority,England,London,Hounslow,Secondary,93.360645132902,4.06229086803843,2.57706399905954,
202526,Local authority,England,South West,Devon,Secondary,90.4344129350788,6.56527943628054,3.00030762864069,
202526,Local authority,England,East of England,Cambridgeshire,Secondary,92.0449051016625,5.95635503201692,1.99873986632061,
202526,Local authority,England,West Midlands,Solihull,Secondary,91.9077023074423,5.38939566684557,2.70290202571212,
202526,Local authority,England,Yorkshire and The Humber,Kirklees,Secondary,92.6049511489855,4.72835936304399,2.66668948797049,
202526,Local authority,England,Yorkshire and The Humber,Bradford,Secondary,89.7687500607841,5.08882679458876,5.14242314462718,
202526,Local authority,England,North West,Blackburn with Darwen,Secondary,91.5148435871535,5.0559089742973,3.42924743854923,
202526,Local authority,England,West Midlands,"Herefordshire, County of",Secondary,92.286329788097,6.09478968459062,1.61888052731238,
202526,Local authority,England,South East,Bracknell Forest,Secondary,92.8335364453112,5.37634723223965,1.79011632244916,
202526,Local authority,England,South East,Oxfordshire,Secondary,91.1464176899036,6.13481591905349,2.71876639104288,
202526,Local authority,England,South West,Wiltshire,Secondary,91.4533223462305,5.82419464190349,2.72248301186603,
202526,Local authority,England,North West,Cumberland,Secondary,91.3183212722466,5.79129627124098,2.89038245651244,
202526,Local authority,England,East Midlands,North Northamptonshire,Secondary,91.4212954159059,5.42504304464945,3.15366153944467,
202526,Local authority,England,North West,Cheshire East,Secondary,92.3339526940423,6.06620752986709,1.59983977609062,
202526,Local authority,England,North East,Stockton-on-Tees,Secondary,91.5451934835779,4.491232092942,3.96357442348008,
202526,Local authority,England,South East,Reading,Secondary,92.3562284218751,4.84091600130252,2.80285557682234,
202526,Local authority,England,South East,Hampshire,Secondary,91.9049973777785,5.96894600008743,2.12605662213403,
202526,Local authority,England,West Midlands,Worcestershire,Secondary,91.9646093409157,6.05713458311685,1.97825607596746,
202526,Local authority,England,South East,Portsmouth,Secondary,90.8707984082635,5.33366609368878,3.79553549804774,
202526,Local authority,England,North West,Blackpool,Secondary,92.2050820131251,3.42994254918138,4.36497543769349,
202526,Local authority,England,North East,North Tyneside,Secondary,92.0290555682975,5.10917732975443,2.86176710194812,
202526,Local authority,England,South East,Wokingham,Secondary,93.3047541966485,5.04430263409883,1.65094316925271,
202526,Local authority,England,South West,Isles of Scilly,Secondary,c,c,c,
202526,Local authority,England,London,Richmond upon Thames,Secondary,93.6171566063851,3.84277496115746,2.54006843245747,
202526,Local authority,England,West Midlands,Staffordshire,Secondary,92.6474841004749,5.30525588389361,2.0472600156315,
202526,Local authority,England,Yorkshire and The Humber,Calderdale,Secondary,92.4710821784846,4.8997963422681,2.62912147924725,
202526,Local authority,England,West Midlands,Coventry,Secondary,91.4626561981867,4.95205915486607,3.5852846469472,
202526,Local authority,England,Yorkshire and The Humber,North Lincolnshire,Secondary,91.5996350199639,4.91229262252824,3.48807235750787,
202526,Local authority,England,Yorkshire and The Humber,Doncaster,Secondary,91.8465512780998,4.38942589174864,3.76402283015155,
202526,Local authority,England,East of England,Thurrock,Secondary,93.0611570146418,3.92214165219955,3.01670133315864,
202526,Local authority,England,South East,Slough,Secondary,93.2382895833702,4.84119618914684,1.92051422748295,
202526,Local authority,England,Yorkshire and The Humber,Wakefield,Secondary,90.8122213535614,5.10385192384897,4.08392672258964,
202526,Local authority,England,South East,Isle of Wight,Secondary,90.3038182688227,7.69576640754083,2.00041532363643,
202526,Local authority,England,South East,Milton Keynes,Secondary,92.5124806597916,5.06804433140983,2.41947500879855,
202526,Local authority,England,North West,Knowsley,Secondary,88.8540459597152,3.87680980337238,7.26914423691239,
202526,Local authority,England,London,Barking and Dagenham,Secondary,93.6833221592754,3.78821724303244,2.5284605976922,
202526,Local authority,England,Yorkshire and The Humber,Leeds,Secondary,91.5580960980814,4.14683189151274,4.29507201040583,
202526,Local authority,England,North West,Liverpool,Secondary,90.7989031000011,4.10895831631478,5.09213858368416,
202526,Local authority,England,North West,Salford,Secondary,90.9090539897895,4.43953860767642,4.65140740253406,
202526,Local authority,England,London,Redbridge,Secondary,93.8316224743023,4.12522753250003,2.04314999319761,
202526,Local authority,England,East Midlands,Nottinghamshire,Secondary,91.95962925595,4.9692465954842,3.07112414856584,
202526,Local authority,England,South East,West Sussex,Secondary,91.9241859607559,5.70014385008693,2.37567018915714,
202526,Local authority,England,London,Southwark,Secondary,93.3639269525505,3.90295388282791,2.73311916462163,
202526,Local authority,England,South West,Cornwall,Secondary,90.9287824304611,6.18809392441652,2.88312364512236,
202526,Local authority,England,North West,Bolton,Secondary,91.980365348972,4.94667002603511,3.07296462499284,
202526,Local authority,England,London,Merton,Secondary,93.7441836229105,3.96887937344325,2.2869370036463,
202526,Local authority,England,South West,"Bournemouth, Christchurch and Poole",Secondary,92.5146382102992,5.17260291144993,2.31275887825083,
202526,Local authority,England,North West,Sefton,Secondary,90.0481150773041,5.46422601067285,4.48765891202309,
202526,Local authority,England,London,Kingston upon Thames,Secondary,94.2550760096414,3.91736760159963,1.82755638875902,
202526,Local authority,England,London,Lewisham,Secondary,93.5102661828693,3.42700921377125,3.06272460335945,
202526,Local authority,England,North East,Redcar and Cleveland,Secondary,90.4803388467033,5.22120077116289,4.2984603821338,
202526,Local authority,England,Yorkshire and The Humber,North East Lincolnshire,Secondary,89.8995299487746,5.66210423978179,4.43836581144357,
202526,Local authority,England,North East,Hartlepool,Secondary,90.6152656298884,4.36838208574699,5.01635228436457,
202526,Local authority,England,London,Hammersmith and Fulham,Secondary,93.7195758834797,4.14997475496903,2.13044936155124,
202526,Local authority,England,South West,"Bristol, City of",Secondary,89.9390077860255,6.56779490075843,3.49319731321607,
202526,Local authority,England,South West,Bath and North East Somerset,Secondary,91.8162010158108,5.87822784214539,2.30557114204383,
202526,Local authority,England,West Midlands,Stoke-on-Trent,Secondary,91.4069000121252,4.55562178504287,4.03747820283191,
202526,Local authority,England,East of England,Suffolk,Secondary,91.1444145892701,5.89382278367402,2.96176262705589,
202526,Local authority,England,North West,Stockport,Secondary,91.8819760994595,5.3679197559462,2.75010414459425,
202526,Local authority,England,South West,Plymouth,Secondary,90.7286834833471,6.06067684504933,3.21063967160354,
202526,Local authority,England,South East,Southampton,Secondary,90.0363269498654,5.67923104094576,4.28444200918884,
202526,Local authority,England,London,Kensington and Chelsea,Secondary,92.5280909369579,3.99431314404248,3.47759591899966,
202526,Local authority,England,London,Ealing,Secondary,93.3655928808954,4.21604324654097,2.41836387256367,
202526,Local authority,England,West Midlands,Shropshire,Secondary,91.4755970216598,6.23484540145528,2.2895575768849,
202526,Local authority,England,West Midlands,Telford and Wrekin,Secondary,92.4310803358994,4.72348369455074,2.84543596954985,
202526,Local authority,England,North East,Middlesbrough,Secondary,90.4213040705414,4.23987418894571,5.33882174051286,
202526,Local authority,England,South West,Somerset,Secondary,90.6802647343453,6.41643527066087,2.90329999499379,
202526,Local authority,England,London,Waltham Forest,Secondary,92.9510098737954,3.82587372433879,3.22311640186584,
202526,Local authority,England,London,Bromley,Secondary,93.0629852270043,4.82344784500164,2.11356692799403,
202526,Local authority,England,South East,East Sussex,Secondary,91.0680376926841,5.78117050819667,3.15079179911925,
202526,Local authority,England,North West,Lancashire,Secondary,91.8835731830205,5.69086156946719,2.42556524751228,
202526,Local authority,England,Yorkshire and The Humber,North Yorkshire,Secondary,91.508481115342,6.07616592947769,2.41535295518027,
202526,Local authority,England,West Midlands,Dudley,Secondary,91.848104120299,4.89537771556437,3.25651816413665,
202526,Local authority,England,London,Barnet,Secondary,94.0230272411037,4.06871223282728,1.90826052606904,
202526,Local authority,England,East of England,Essex,Secondary,91.7799750773051,5.02308754447511,3.19693737821983,
202526,Local authority,England,South West,Dorset,Secondary,91.6241927535856,5.85966231812641,2.51614492828799,
202526,Local authority,England,London,Hillingdon,Secondary,92.4120292322966,5.04221247217904,2.54575829552439,
202526,Local authority,England,Yorkshire and The Humber,Sheffield,Secondary,90.8308918126325,4.55740523793656,4.6117029494309,
202526,Local authority,England,London,Greenwich,Secondary,92.7276322979642,3.96922516458639,3.30314253744937,
202526,Local authority,England,East Midlands,Derbyshire,Secondary,91.781859934802,5.48637638543134,2.73176367976669,
202526,Local authority,England,East Midlands,Nottingham,Secondary,91.7716039125486,3.89443265171496,4.33396343573643,
202526,Local authority,England,North West,St. Helens,Secondary,91.238901717338,5.00160632153445,3.75949196112756,
202526,Local authority,England,London,Hackney,Secondary,92.5924520749728,4.18731617001944,3.22023175500781,
202526,Local authority,England,East Midlands,Leicester,Secondary,92.7813148952237,4.08400981687748,3.13467528789881,
202526,Local authority,England,South East,West Berkshire,Secondary,91.7095280344049,6.17934226769633,2.11112969789882,
202526,Local authority,England,West Midlands,Birmingham,Secondary,92.6595451605706,4.35316215980342,2.98729267962597,
202526,Local authority,England,London,Haringey,Secondary,92.9701203133768,4.54573485246921,2.48414483415395,
202526,Local authority,England,North West,Trafford,Secondary,94.0007539480829,4.75513878808886,1.24410726382824,
202526,Local authority,England,North West,Warrington,Secondary,92.6861533952557,4.79950858273897,2.51433802200538,
202526,Local authority,England,London,Sutton,Secondary,94.0395508942677,4.27678274889344,1.68366635683886,
202526,Local authority,England,North West,Cheshire West and Chester,Secondary,91.0100513287592,6.06450038152617,2.92544828971467,
202526,Local authority,England,South West,South Gloucestershire,Secondary,91.2754522310356,6.13112969021837,2.59341807874603,
202526,Local authority,England,North West,Wigan,Secondary,91.9790393931553,5.21563217372895,2.80532843311577,
202526,Local authority,England,North East,Northumberland,Secondary,91.2997258661402,5.69436044315604,3.00591369070378,
202526,Local authority,England,South West,North Somerset,Secondary,91.1614131676586,6.21745895307213,2.62112787926926,
202526,Local authority,England,East Midlands,Lincolnshire,Secondary,92.1068255900538,5.67491854232737,2.21825586761886,
202526,Local authority,England,North West,Rochdale,Secondary,91.5884788482883,4.31428645077801,4.0972347009337,
202526,Local authority,England,London,Bexley,Secondary,93.278902100671,4.63929008488772,2.08180781444133,
202526,Local authority,England,East Midlands,West Northamptonshire,Secondary,92.2225772008613,5.08805369078068,2.68936910835801,
202526,Local authority,England,South East,Surrey,Secondary,92.9815480066945,5.09870707664872,1.91974491665675,
202526,Local authority,England,North East,Gateshead,Secondary,91.1248943253203,4.93253000351912,3.94257567116062,
202526,Local authority,England,North East,Sunderland,Secondary,90.401485400196,4.67926849934793,4.91924610045608,
202526,Local authority,England,North West,Tameside,Secondary,91.3033758021839,4.28656456070669,4.41005963710937,
202526,Local authority,England,North West,Bury,Secondary,91.4962819486329,5.13172593334836,3.37199211801877,
202526,Local authority,England,West Midlands,Walsall,Secondary,91.3221164187894,4.14119590098765,4.53668768022295,
202526,Local authority,England,North East,South Tyneside,Secondary,90.1182154342937,7.01804943599792,2.86373512970834,
202526,Local authority,England,North West,Manchester,Secondary,92.6492424076068,3.61695845504896,3.7337991373442,
202526,Local authority,England,South East,Windsor and Maidenhead,Secondary,92.4477508696256,5.59270021214678,1.95954891822766,
202526,Local authority,England,East of England,Peterborough,Secondary,92.328561615893,5.21203578071215,2.45940260339481,
202526,Local authority,England,South East,Medway,Secondary,92.3620388964291,4.97835025653059,2.65961084704032,
202526,Local authority,England,West Midlands,Warwickshire,Secondary,91.2910976792306,6.00441496235594,2.70448735841341,
202526,Local authority,England,Yorkshire and The Humber,Barnsley,Secondary,90.0262434556811,5.70537459394439,4.26838195037448,
202526,Local authority,England,East Midlands,Derby,Secondary,91.6872740696778,5.37619796418888,2.93652796613329,
202526,Local authority,England,London,Wandsworth,Secondary,93.0658072921131,4.29086171726349,2.64333099062345,
202526,Local authority,England,London,Tower Hamlets,Secondary,93.5469404666505,3.92191657847447,2.53114295487503,
202526,Local authority,England,East Midlands,Rutland,Secondary,92.516368465087,5.17343281061705,2.31019872429594,
202526,Local authority,England,London,Islington,Secondary,91.9285841999592,3.50722562361224,4.56419017642856,
202526,Local authority,England,East Midlands,Leicestershire,Secondary,91.7784379459339,5.8200410179538,2.40152103611226,
202526,Local authority,England,East of England,Southend-on-Sea,Secondary,92.812680459762,4.79810919919594,2.38921034104203,
202526,Local authority,England,East of England,Bedford,Secondary,92.1922536374736,5.40392668504451,2.40381967748189,
202526,Local authority,England,East of England,Hertfordshire,Secondary,92.6253465182915,5.44893329063234,1.92572019107621,
202526,Local authority,England,London,Lambeth,Secondary,92.7519008761286,4.27520864179664,2.9728904820748,
202526,Local authority,England,East of England,Central Bedfordshire,Secondary,92.761873332055,5.37378920035046,1.86433746759459,
202526,Local authority,England,South East,Brighton and Hove,Secondary,89.9548523197841,6.92245072926807,3.12269695094783,
202526,Local authority,England,East of England,Norfolk,Secondary,91.3483155704779,6.03576523868112,2.61591919084102,
202526,Local authority,England,London,Camden,Secondary,90.7926643303022,5.82951053767644,3.37782513202141,
202526,Local authority,England,South West,Gloucestershire,Secondary,91.909431079069,6.17933486305932,1.91123405787164,
202526,Local authority,England,South West,Swindon,Secondary,91.9767782710965,5.14723697809299,2.87598475081048,
202526,Local authority,England,North East,County Durham,Secondary,91.7289386359753,5.31006375735573,2.96099760666899,
202526,Local authority,England,London,Havering,Secondary,93.2143331955262,4.67641869359495,2.10924811087889,
202526,Local authority,England,Yorkshire and The Humber,East Riding of Yorkshire,Secondary,92.1115403314434,5.32399892986777,2.56446073868883,
202526,Local authority,England,London,Brent,Secondary,93.6702150476365,4.05958514225642,2.27019981010709,
202526,Local authority,England,London,Westminster,Secondary,93.342375693936,4.07887472293797,2.57874958312606,
202526,Local authority,England,North West,Westmorland and Furness,Secondary,91.6783306214546,6.3242899516818,1.99737942686357,
202526,Local authority,England,West Midlands,Sandwell,Secondary,92.2539279112754,4.17146839795228,3.57460369077231,
202526,Local authority,England,Yorkshire and The Humber,"Kingston upon Hull, City of",Secondary,91.474017623475,4.19426768610866,4.33171469041632,
202526,Local authority,England,North East,Darlington,Secondary,91.6585089700405,5.21595842443832,3.1255326055212,
202526,Local authority,England,Yorkshire and The Humber,York,Secondary,90.5289696163264,5.38714806940853,4.08388231426509,
202526,Local authority,England,North West,Wirral,Secondary,91.2032376652031,5.37856220365411,3.41820013114276,
202526,Local authority,England,North West,Oldham,Secondary,92.2233863591694,3.97005090046939,3.80656274036118,
202526,Local authority,England,London,Enfield,Secondary,93.1568570736431,4.02250845773538,2.82063446862148,
202526,Local authority,England,London,Harrow,Secondary,93.5957809675142,4.46558054447097,1.93863848801481,
202526,Local authority,England,South West,Torbay,Secondary,90.9085351886173,6.48567929713452,2.60578551424815,
202526,Local authority,England,South East,Kent,Secondary,92.1276423394044,5.23906497115486,2.63329268944069,
202526,Local authority,England,South East,Buckinghamshire,Secondary,92.6339124979863,5.69360261804707,1.67248488396667,
202526,Local authority,England,East of England,Luton,Secondary,93.2065877363296,4.31808435488952,2.47532790878092,
202526,Local authority,England,Yorkshire and The Humber,Rotherham,Secondary,91.1992290397512,4.15571682123049,4.64505413901827,
202526,Regional,England,North West,,Secondary,91.7103427712344,5.00488599826227,3.28477123050336,
202526,Regional,England,Yorkshire and The Humber,,Secondary,91.2499571916044,4.87361002743858,3.87643278095699,
202526,Regional,England,South East,,Secondary,92.0175308653085,5.56570622034046,2.41676291435104,
202526,Regional,England,West Midlands,,Secondary,92.1003605836205,4.99609097162638,2.90354844475309,
202526,Regional,England,North East,,Secondary,91.1202759703785,5.04693054419046,3.83279348543101,
202526,Regional,England,East of England,,Secondary,92.0831229242857,5.38863373365726,2.52824334205701,
202526,Regional,England,London,,Secondary,93.2467099838817,4.17224421265708,2.58104580346119,
202526,Regional,England,South West,,Secondary,91.1971422618796,6.09562003730292,2.70723770081749,
202526,Regional,England,East Midlands,,Secondary,91.9435199225277,5.21750706364394,2.83897301382838,
202526,National,England,,,Secondary,91.963144742016,5.12796259404535,2.90889266393861,
202526,Local authority,England,South West,Swindon,Special,88.6537976851343,7.7162189234776,3.62998339138808,
202526,Local authority,England,North East,South Tyneside,Special,89.2610950630252,8.2359506302521,2.50295430672269,
202526,Local authority,England,South East,Kent,Special,85.4689070333653,11.0709062993019,3.46018666733283,
202526,Local authority,England,East Midlands,Leicester,Special,81.0341388221426,13.628326608333,5.33753456952441,
202526,Local authority,England,London,Greenwich,Special,87.1078082052326,11.4089382062506,1.48325358851675,
202526,Local authority,England,London,Hackney,Special,89.5172191425772,8.77016754095514,1.71261331646763,
202526,Local authority,England,East Midlands,Derby,Special,85.6175357728287,10.8520157264873,3.53044850068403,
202526,Local authority,England,Yorkshire and The Humber,Calderdale,Special,89.2313015646457,9.79660687060045,0.972091564753841,
202526,Local authority,England,South West,Somerset,Special,82.1924994682988,14.3029987948106,3.50450173689061,
202526,Local authority,England,North East,County Durham,Special,87.1112745698991,8.95659854836023,3.93212688174071,
202526,Local authority,England,Yorkshire and The Humber,Bradford,Special,85.5751546395901,9.96132501076541,4.46352034964444,
202526,Local authority,England,North West,Bury,Special,85.4178391265643,12.1294600374505,2.45270083598522,
202526,Local authority,England,East Midlands,Derbyshire,Special,89.5313211517801,8.01453651592253,2.45414233229733,
202526,Local authority,England,North East,Redcar and Cleveland,Special,87.1956811981192,9.84268880246125,2.96162999941952,
202526,Local authority,England,North West,Stockport,Special,86.6007340472485,10.3736439870845,3.02562196566703,
202526,Local authority,England,East of England,Hertfordshire,Special,87.2021792116763,10.0574008105341,2.74041997778964,
202526,Local authority,England,London,Richmond upon Thames,Special,90.2211149174712,7.5867677082252,2.19211737430361,
202526,Local authority,England,London,Hounslow,Special,89.8564482816128,7.33922592397788,2.80432579440931,
202526,Local authority,England,West Midlands,Staffordshire,Special,90.0328804102596,7.50403157774961,2.46308801199076,
202526,Local authority,England,North West,Cheshire West and Chester,Special,88.5671096743295,8.76686222860792,2.66602809706258,
202526,Local authority,England,East of England,Thurrock,Special,90.4067121029451,8.23635066309081,1.35693723396403,
202526,Local authority,England,West Midlands,Walsall,Special,89.0894513424017,7.57390210819389,3.33664654940445,
